// single phase coef Number:=72,    upsample factor:=160,     downsample factor:=441
72,160,441,0,
    -3,  -16,  -44,  -82, -110,  -98,  -32,   58,  110,   70,  -47, -150, -131,   25,  201,  221,   21, -257, -347, -104,  313,  520,  243, -366, -766, -477,  411, 1152,  905, -444,-1910,-1929,  461, 4690, 8758,10443, 8778, 4719,  483,-1922,-1916, -455,  900, 1154,  417, -473, -767, -369,  240,  520,  315, -102, -346, -258,   19,  220,  201,   27, -130, -150,  -48,   70,  110,   59,  -32,  -98, -110,  -83,  -44,  -16,   -3,   26,
   -3,  -16,  -44,  -82, -110,  -98,  -33,   58,  110,   71,  -46, -149, -132,   24,  200,  222,   23, -255, -347, -107,  310,  520,  247, -362, -766, -481,  405, 1150,  911, -434,-1903,-1936,  439, 4662, 8738,10443, 8798, 4747,  506,-1915,-1922, -465,  894, 1156,  423, -469, -768, -373,  237,  520,  318,  -99, -346, -259,   17,  220,  202,   28, -130, -150,  -49,   69,  110,   59,  -31,  -97, -110,  -83,  -44,  -16,   -3,    0,
   -3,  -16,  -43,  -82, -110,  -98,  -33,   57,  110,   72,  -46, -149, -132,   23,  199,  222,   24, -254, -348, -109,  308,  520,  250, -358, -765, -485,  399, 1147,  916, -424,-1897,-1943,  417, 4633, 8718,10442, 8818, 4776,  528,-1908,-1928, -475,  889, 1158,  429, -464, -768, -377,  234,  520,  320,  -97, -345, -261,   16,  219,  203,   29, -129, -151,  -50,   69,  110,   60,  -31,  -97, -111,  -83,  -44,  -16,   -3,    0,
   -3,  -15,  -43,  -82, -110,  -99,  -34,   57,  110,   72,  -45, -149, -133,   22,  198,  223,   26, -252, -348, -111,  306,  520,  253, -354, -764, -489,  392, 1145,  921, -413,-1891,-1950,  395, 4605, 8698,10442, 8837, 4804,  550,-1900,-1934, -486,  883, 1160,  435, -460, -769, -381,  231,  519,  322,  -95, -345, -262,   14,  219,  204,   30, -129, -151,  -50,   68,  110,   60,  -30,  -97, -111,  -83,  -45,  -16,   -3,    0,
   -3,  -15,  -43,  -81, -110,  -99,  -34,   56,  110,   73,  -44, -148, -133,   21,  198,  223,   28, -251, -349, -114,  303,  520,  256, -350, -764, -493,  386, 1143,  927, -403,-1884,-1957,  373, 4576, 8678,10441, 8857, 4832,  573,-1893,-1940, -496,  877, 1162,  441, -456, -769, -385,  227,  519,  325,  -92, -344, -264,   12,  218,  204,   31, -128, -151,  -51,   68,  111,   61,  -30,  -97, -111,  -84,  -45,  -16,   -3,    0,
   -3,  -15,  -43,  -81, -110,  -99,  -35,   56,  110,   73,  -43, -148, -134,   19,  197,  224,   30, -249, -349, -116,  301,  520,  259, -346, -763, -497,  380, 1140,  932, -393,-1878,-1963,  351, 4548, 8658,10441, 8876, 4861,  596,-1885,-1946, -507,  872, 1164,  447, -451, -770, -388,  224,  519,  327,  -90, -344, -265,   10,  217,  205,   33, -127, -152,  -52,   67,  111,   61,  -29,  -96, -111,  -84,  -45,  -17,   -3,    0,
   -3,  -15,  -42,  -81, -110,  -99,  -35,   55,  110,   74,  -42, -148, -135,   18,  196,  224,   31, -248, -349, -118,  298,  520,  262, -343, -762, -501,  374, 1138,  937, -383,-1871,-1970,  329, 4519, 8637,10440, 8895, 4889,  618,-1877,-1952, -517,  866, 1166,  453, -447, -770, -392,  221,  519,  329,  -87, -343, -266,    9,  217,  206,   34, -127, -152,  -53,   66,  111,   62,  -28,  -96, -111,  -84,  -45,  -17,   -3,    0,
   -3,  -15,  -42,  -81, -110, -100,  -36,   55,  110,   74,  -41, -147, -135,   17,  195,  225,   33, -246, -350, -121,  296,  520,  265, -339, -761, -505,  368, 1136,  942, -372,-1865,-1976,  308, 4491, 8617,10439, 8914, 4918,  641,-1869,-1958, -527,  860, 1168,  459, -443, -770, -396,  217,  519,  332,  -85, -343, -268,    7,  216,  207,   35, -126, -152,  -54,   66,  111,   62,  -28,  -96, -111,  -84,  -46,  -17,   -3,    0,
   -3,  -15,  -42,  -80, -110, -100,  -37,   54,  110,   75,  -41, -147, -136,   16,  194,  226,   35, -245, -350, -123,  294,  520,  268, -335, -760, -509,  362, 1133,  947, -362,-1858,-1983,  286, 4462, 8596,10438, 8933, 4946,  664,-1861,-1963, -538,  854, 1170,  465, -438, -771, -400,  214,  518,  334,  -82, -342, -269,    5,  215,  207,   36, -125, -153,  -54,   65,  111,   63,  -27,  -95, -111,  -85,  -46,  -17,   -3,    0,
   -3,  -15,  -42,  -80, -110, -100,  -37,   54,  109,   75,  -40, -146, -136,   14,  193,  226,   36, -243, -350, -125,  291,  520,  271, -331, -759, -513,  356, 1130,  952, -352,-1851,-1989,  265, 4434, 8575,10437, 8952, 4974,  687,-1853,-1969, -548,  848, 1172,  471, -434, -771, -403,  211,  518,  336,  -80, -341, -270,    3,  215,  208,   38, -125, -153,  -55,   65,  111,   63,  -27,  -95, -111,  -85,  -46,  -17,   -3,    0,
   -3,  -15,  -42,  -80, -109, -100,  -38,   53,  109,   76,  -39, -146, -137,   13,  193,  227,   38, -242, -351, -128,  289,  520,  275, -327, -759, -517,  350, 1128,  957, -341,-1845,-1995,  243, 4405, 8554,10435, 8971, 5003,  710,-1845,-1974, -558,  842, 1174,  477, -430, -772, -407,  208,  518,  338,  -77, -341, -272,    2,  214,  209,   39, -124, -153,  -56,   64,  111,   64,  -26,  -95, -111,  -85,  -46,  -17,   -4,    0,
   -3,  -14,  -41,  -80, -109, -100,  -38,   52,  109,   76,  -38, -146, -137,   12,  192,  227,   40, -240, -351, -130,  286,  520,  278, -323, -758, -521,  344, 1125,  962, -331,-1838,-2001,  222, 4377, 8534,10434, 8990, 5031,  733,-1837,-1980, -569,  836, 1175,  483, -425, -772, -411,  204,  517,  341,  -75, -340, -273,    0,  213,  209,   40, -123, -153,  -57,   64,  111,   64,  -26,  -95, -111,  -85,  -46,  -17,   -4,    0,
   -3,  -14,  -41,  -80, -109, -101,  -39,   52,  109,   77,  -37, -145, -138,   11,  191,  228,   42, -239, -351, -132,  284,  520,  281, -319, -757, -525,  337, 1123,  967, -321,-1831,-2007,  201, 4348, 8513,10432, 9009, 5059,  756,-1829,-1985, -579,  830, 1177,  489, -421, -772, -414,  201,  517,  343,  -72, -340, -274,   -2,  213,  210,   41, -123, -154,  -58,   63,  111,   65,  -25,  -94, -111,  -85,  -47,  -17,   -4,    0,
   -3,  -14,  -41,  -79, -109, -101,  -39,   51,  109,   77,  -37, -145, -138,   10,  190,  228,   43, -237, -352, -135,  281,  520,  284, -315, -756, -529,  331, 1120,  972, -311,-1824,-2013,  179, 4320, 8491,10430, 9027, 5088,  779,-1820,-1991, -590,  824, 1179,  495, -416, -772, -418,  197,  516,  345,  -70, -339, -276,   -4,  212,  211,   43, -122, -154,  -58,   62,  111,   65,  -25,  -94, -111,  -86,  -47,  -18,   -4,    0,
   -2,  -14,  -41,  -79, -109, -101,  -40,   51,  109,   78,  -36, -144, -139,    8,  189,  229,   45, -236, -352, -137,  279,  520,  287, -311, -755, -533,  325, 1117,  977, -301,-1817,-2019,  158, 4292, 8470,10428, 9046, 5116,  802,-1812,-1996, -600,  818, 1180,  501, -412, -773, -422,  194,  516,  348,  -67, -338, -277,   -6,  211,  212,   44, -121, -154,  -59,   62,  111,   66,  -24,  -94, -111,  -86,  -47,  -18,   -4,    0,
   -2,  -14,  -41,  -79, -109, -101,  -40,   50,  109,   78,  -35, -144, -139,    7,  188,  229,   47, -234, -352, -139,  276,  519,  290, -308, -754, -536,  319, 1114,  982, -290,-1810,-2025,  137, 4263, 8449,10426, 9064, 5144,  826,-1803,-2001, -610,  812, 1182,  507, -407, -773, -425,  191,  516,  350,  -65, -338, -278,   -7,  210,  212,   45, -121, -155,  -60,   61,  111,   66,  -23,  -94, -111,  -86,  -47,  -18,   -4,    0,
   -2,  -14,  -40,  -79, -109, -102,  -41,   50,  109,   79,  -34, -144, -140,    6,  188,  229,   48, -233, -352, -141,  274,  519,  292, -304, -753, -540,  313, 1112,  986, -280,-1803,-2030,  116, 4235, 8428,10424, 9082, 5173,  849,-1794,-2007, -621,  806, 1183,  513, -402, -773, -429,  187,  515,  352,  -62, -337, -280,   -9,  210,  213,   46, -120, -155,  -61,   61,  111,   67,  -23,  -93, -111,  -86,  -48,  -18,   -4,    0,
   -2,  -14,  -40,  -78, -109, -102,  -41,   49,  109,   79,  -33, -143, -140,    5,  187,  230,   50, -231, -353, -144,  271,  519,  295, -300, -751, -544,  307, 1109,  991, -270,-1796,-2036,   95, 4206, 8406,10422, 9100, 5201,  872,-1785,-2012, -631,  800, 1185,  519, -398, -773, -433,  184,  515,  354,  -60, -336, -281,  -11,  209,  213,   47, -119, -155,  -62,   60,  111,   67,  -22,  -93, -111,  -87,  -48,  -18,   -4,    0,
   -2,  -14,  -40,  -78, -109, -102,  -42,   49,  108,   80,  -32, -143, -141,    4,  186,  230,   52, -230, -353, -146,  269,  519,  298, -296, -750, -548,  301, 1106,  996, -260,-1789,-2041,   75, 4178, 8385,10419, 9118, 5229,  896,-1776,-2017, -641,  793, 1186,  525, -393, -773, -436,  180,  514,  356,  -57, -335, -282,  -13,  208,  214,   49, -119, -155,  -62,   59,  111,   68,  -22,  -93, -111,  -87,  -48,  -18,   -4,    0,
   -2,  -14,  -40,  -78, -109, -102,  -42,   48,  108,   80,  -32, -142, -141,    2,  185,  231,   53, -228, -353, -148,  266,  519,  301, -292, -749, -551,  294, 1103, 1000, -250,-1781,-2046,   54, 4149, 8363,10417, 9136, 5257,  920,-1767,-2022, -652,  787, 1188,  531, -389, -773, -440,  177,  514,  359,  -55, -335, -283,  -15,  207,  215,   50, -118, -156,  -63,   59,  111,   68,  -21,  -92, -111,  -87,  -48,  -18,   -4,    0,
   -2,  -13,  -39,  -78, -108, -102,  -43,   48,  108,   81,  -31, -142, -142,    1,  184,  231,   55, -227, -353, -150,  264,  518,  304, -288, -748, -555,  288, 1100, 1005, -240,-1774,-2051,   33, 4121, 8341,10414, 9154, 5286,  943,-1758,-2027, -662,  781, 1189,  537, -384, -773, -444,  173,  513,  361,  -52, -334, -285,  -16,  206,  215,   51, -117, -156,  -64,   58,  111,   69,  -21,  -92, -112,  -87,  -49,  -19,   -4,    0,
   -2,  -13,  -39,  -77, -108, -103,  -43,   47,  108,   81,  -30, -141, -142,    0,  183,  232,   57, -225, -353, -153,  261,  518,  307, -284, -747, -559,  282, 1097, 1009, -230,-1767,-2056,   13, 4092, 8320,10411, 9172, 5314,  967,-1749,-2032, -673,  774, 1190,  543, -379, -773, -447,  170,  513,  363,  -50, -333, -286,  -18,  206,  216,   52, -116, -156,  -65,   57,  111,   69,  -20,  -92, -112,  -88,  -49,  -19,   -4,    0,
   -2,  -13,  -39,  -77, -108, -103,  -44,   47,  108,   82,  -29, -141, -143,   -1,  182,  232,   58, -224, -354, -155,  259,  518,  310, -280, -745, -562,  276, 1094, 1014, -219,-1759,-2061,   -8, 4064, 8298,10408, 9189, 5342,  991,-1740,-2037, -683,  768, 1191,  549, -375, -773, -451,  167,  512,  365,  -47, -332, -287,  -20,  205,  217,   54, -116, -156,  -66,   57,  111,   70,  -20,  -92, -112,  -88,  -49,  -19,   -4,    0,
   -2,  -13,  -39,  -77, -108, -103,  -44,   46,  108,   82,  -28, -140, -143,   -2,  181,  232,   60, -222, -354, -157,  256,  517,  313, -276, -744, -566,  270, 1091, 1018, -209,-1752,-2066,  -28, 4035, 8276,10405, 9207, 5370, 1015,-1730,-2041, -693,  761, 1193,  555, -370, -773, -454,  163,  511,  367,  -45, -332, -288,  -22,  204,  217,   55, -115, -157,  -66,   56,  111,   70,  -19,  -91, -112,  -88,  -49,  -19,   -4,    0,
   -2,  -13,  -39,  -77, -108, -103,  -45,   45,  108,   83,  -28, -140, -144,   -4,  180,  233,   62, -220, -354, -159,  254,  517,  315, -272, -743, -569,  264, 1088, 1022, -199,-1744,-2071,  -48, 4007, 8254,10401, 9224, 5398, 1039,-1721,-2046, -704,  755, 1194,  561, -365, -773, -458,  160,  511,  369,  -42, -331, -289,  -24,  203,  218,   56, -114, -157,  -67,   56,  111,   71,  -18,  -91, -112,  -88,  -49,  -19,   -4,    0,
   -2,  -13,  -38,  -76, -108, -103,  -45,   45,  107,   83,  -27, -140, -144,   -5,  179,  233,   63, -219, -354, -161,  251,  517,  318, -268, -742, -573,  258, 1084, 1027, -189,-1737,-2076,  -68, 3979, 8231,10398, 9241, 5427, 1063,-1711,-2051, -714,  748, 1195,  567, -360, -773, -461,  156,  510,  372,  -40, -330, -291,  -25,  202,  218,   57, -113, -157,  -68,   55,  111,   71,  -18,  -91, -112,  -88,  -50,  -19,   -4,    0,
   -2,  -13,  -38,  -76, -108, -104,  -46,   44,  107,   84,  -26, -139, -145,   -6,  179,  233,   65, -217, -354, -164,  248,  516,  321, -264, -740, -576,  251, 1081, 1031, -179,-1729,-2080,  -89, 3950, 8209,10394, 9259, 5455, 1087,-1701,-2055, -725,  741, 1196,  572, -355, -773, -465,  152,  510,  374,  -37, -329, -292,  -27,  202,  219,   58, -113, -157,  -69,   54,  111,   72,  -17,  -90, -112,  -89,  -50,  -19,   -4,    0,
   -2,  -13,  -38,  -76, -108, -104,  -46,   44,  107,   84,  -25, -139, -145,   -7,  178,  234,   67, -216, -354, -166,  246,  516,  324, -260, -739, -580,  245, 1078, 1035, -169,-1722,-2085, -109, 3922, 8187,10391, 9276, 5483, 1111,-1691,-2060, -735,  735, 1197,  578, -351, -772, -468,  149,  509,  376,  -34, -328, -293,  -29,  201,  220,   60, -112, -157,  -70,   54,  111,   72,  -17,  -90, -112,  -89,  -50,  -19,   -4,    0,
   -2,  -13,  -38,  -76, -108, -104,  -47,   43,  107,   85,  -24, -138, -146,   -8,  177,  234,   68, -214, -354, -168,  243,  515,  327, -256, -737, -583,  239, 1075, 1039, -159,-1714,-2089, -129, 3893, 8164,10387, 9293, 5511, 1135,-1681,-2064, -745,  728, 1198,  584, -346, -772, -472,  145,  508,  378,  -32, -327, -294,  -31,  200,  220,   61, -111, -158,  -70,   53,  111,   73,  -16,  -90, -112,  -89,  -50,  -20,   -4,    0,
   -2,  -12,  -38,  -75, -107, -104,  -47,   43,  107,   85,  -23, -138, -146,   -9,  176,  234,   70, -212, -354, -170,  241,  515,  329, -252, -736, -586,  233, 1071, 1043, -149,-1706,-2093, -148, 3865, 8142,10383, 9309, 5539, 1160,-1671,-2068, -756,  721, 1199,  590, -341, -772, -475,  142,  507,  380,  -29, -327, -295,  -33,  199,  221,   62, -110, -158,  -71,   52,  111,   73,  -16,  -89, -112,  -89,  -51,  -20,   -4,    0,
   -2,  -12,  -37,  -75, -107, -104,  -48,   42,  107,   85,  -23, -137, -146,  -11,  175,  235,   71, -211, -354, -172,  238,  514,  332, -248, -735, -590,  227, 1068, 1047, -139,-1698,-2098, -168, 3837, 8119,10379, 9326, 5567, 1184,-1661,-2073, -766,  714, 1200,  596, -336, -772, -479,  138,  507,  382,  -27, -326, -297,  -35,  198,  221,   63, -110, -158,  -72,   52,  110,   74,  -15,  -89, -112,  -90,  -51,  -20,   -5,    0,
   -2,  -12,  -37,  -75, -107, -104,  -48,   42,  106,   86,  -22, -137, -147,  -12,  174,  235,   73, -209, -355, -174,  236,  514,  335, -244, -733, -593,  221, 1065, 1051, -129,-1691,-2102, -188, 3808, 8097,10375, 9343, 5595, 1208,-1651,-2077, -776,  707, 1200,  602, -331, -771, -482,  135,  506,  384,  -24, -325, -298,  -36,  197,  222,   65, -109, -158,  -73,   51,  110,   74,  -14,  -89, -112,  -90,  -51,  -20,   -5,    0,
   -2,  -12,  -37,  -75, -107, -105,  -49,   41,  106,   86,  -21, -136, -147,  -13,  173,  235,   75, -208, -355, -176,  233,  513,  337, -240, -732, -596,  215, 1061, 1055, -119,-1683,-2106, -207, 3780, 8074,10370, 9359, 5623, 1233,-1641,-2081, -787,  700, 1201,  607, -326, -771, -486,  131,  505,  386,  -21, -324, -299,  -38,  196,  222,   66, -108, -158,  -74,   50,  110,   74,  -14,  -88, -112,  -90,  -51,  -20,   -5,    0,
   -2,  -12,  -37,  -74, -107, -105,  -49,   40,  106,   87,  -20, -136, -148,  -14,  172,  236,   76, -206, -355, -179,  230,  513,  340, -236, -730, -600,  208, 1058, 1059, -109,-1675,-2110, -227, 3752, 8051,10366, 9376, 5651, 1257,-1630,-2085, -797,  693, 1202,  613, -321, -771, -489,  127,  504,  388,  -19, -323, -300,  -40,  195,  223,   67, -107, -158,  -74,   50,  110,   75,  -13,  -88, -112,  -90,  -52,  -20,   -5,    0,
   -2,  -12,  -37,  -74, -107, -105,  -50,   40,  106,   87,  -19, -135, -148,  -15,  171,  236,   78, -204, -355, -181,  228,  512,  343, -232, -729, -603,  202, 1054, 1063,  -99,-1667,-2114, -246, 3723, 8028,10361, 9392, 5679, 1282,-1620,-2089, -807,  686, 1203,  619, -316, -770, -493,  124,  503,  390,  -16, -322, -301,  -42,  194,  223,   68, -106, -159,  -75,   49,  110,   75,  -13,  -88, -112,  -90,  -52,  -21,   -5,    0,
   -2,  -12,  -36,  -74, -107, -105,  -50,   39,  106,   88,  -19, -135, -148,  -16,  170,  236,   79, -203, -355, -183,  225,  512,  345, -228, -727, -606,  196, 1051, 1067,  -90,-1659,-2117, -266, 3695, 8005,10356, 9408, 5706, 1307,-1609,-2093, -818,  679, 1203,  625, -311, -770, -496,  120,  503,  392,  -14, -321, -302,  -44,  194,  224,   70, -106, -159,  -76,   48,  110,   76,  -12,  -87, -112,  -91,  -52,  -21,   -5,    0,
   -2,  -12,  -36,  -74, -107, -105,  -51,   39,  105,   88,  -18, -134, -149,  -18,  169,  236,   81, -201, -354, -185,  223,  511,  348, -224, -725, -609,  190, 1047, 1070,  -80,-1651,-2121, -285, 3667, 7982,10351, 9424, 5734, 1331,-1598,-2097, -828,  672, 1204,  630, -306, -769, -500,  117,  502,  394,  -11, -320, -303,  -46,  193,  224,   71, -105, -159,  -77,   48,  110,   76,  -12,  -87, -112,  -91,  -52,  -21,   -5,    0,
   -2,  -12,  -36,  -73, -106, -105,  -51,   38,  105,   88,  -17, -134, -149,  -19,  168,  237,   83, -199, -354, -187,  220,  511,  351, -220, -724, -613,  184, 1044, 1074,  -70,-1643,-2124, -304, 3639, 7959,10346, 9440, 5762, 1356,-1587,-2100, -838,  665, 1204,  636, -301, -769, -503,  113,  501,  396,   -8, -319, -304,  -47,  192,  225,   72, -104, -159,  -77,   47,  110,   77,  -11,  -87, -112,  -91,  -53,  -21,   -5,    0,
   -2,  -11,  -36,  -73, -106, -106,  -52,   38,  105,   89,  -16, -133, -150,  -20,  167,  237,   84, -198, -354, -189,  217,  510,  353, -216, -722, -616,  178, 1040, 1078,  -60,-1635,-2128, -323, 3610, 7936,10341, 9456, 5790, 1381,-1576,-2104, -849,  658, 1205,  642, -296, -768, -506,  109,  500,  398,   -6, -318, -305,  -49,  191,  225,   73, -103, -159,  -78,   46,  110,   77,  -10,  -86, -112,  -91,  -53,  -21,   -5,    0,
   -2,  -11,  -36,  -73, -106, -106,  -52,   37,  105,   89,  -15, -133, -150,  -21,  166,  237,   86, -196, -354, -191,  215,  509,  356, -212, -720, -619,  172, 1036, 1081,  -50,-1626,-2131, -342, 3582, 7913,10336, 9472, 5818, 1406,-1565,-2108, -859,  651, 1205,  647, -291, -768, -510,  106,  499,  400,   -3, -317, -306,  -51,  190,  226,   74, -102, -159,  -79,   46,  110,   78,  -10,  -86, -112,  -92,  -53,  -21,   -5,    0,
   -2,  -11,  -35,  -73, -106, -106,  -53,   36,  105,   90,  -15, -132, -150,  -22,  165,  237,   87, -194, -354, -193,  212,  509,  358, -208, -719, -622,  166, 1033, 1085,  -40,-1618,-2134, -361, 3554, 7889,10330, 9487, 5845, 1431,-1554,-2111, -869,  644, 1206,  653, -286, -767, -513,  102,  498,  402,   -1, -316, -307,  -53,  189,  226,   76, -102, -159,  -80,   45,  110,   78,   -9,  -86, -112,  -92,  -53,  -21,   -5,    0,
   -2,  -11,  -35,  -72, -106, -106,  -53,   36,  104,   90,  -14, -132, -151,  -23,  164,  238,   89, -193, -354, -195,  209,  508,  361, -204, -717, -625,  159, 1029, 1088,  -31,-1610,-2138, -380, 3526, 7866,10325, 9503, 5873, 1456,-1543,-2115, -880,  636, 1206,  659, -281, -767, -516,   98,  497,  404,    2, -315, -309,  -55,  188,  227,   77, -101, -160,  -80,   44,  110,   79,   -9,  -85, -112,  -92,  -53,  -22,   -5,    0,
   -2,  -11,  -35,  -72, -106, -106,  -54,   35,  104,   91,  -13, -131, -151,  -24,  163,  238,   90, -191, -354, -197,  207,  507,  363, -200, -715, -628,  153, 1025, 1092,  -21,-1602,-2141, -398, 3498, 7842,10319, 9518, 5901, 1481,-1531,-2118, -890,  629, 1207,  664, -276, -766, -520,   95,  496,  406,    5, -314, -310,  -57,  187,  227,   78, -100, -160,  -81,   44,  110,   79,   -8,  -85, -112,  -92,  -54,  -22,   -5,    0,
   -2,  -11,  -35,  -72, -106, -106,  -54,   35,  104,   91,  -12, -130, -151,  -26,  162,  238,   92, -189, -354, -199,  204,  506,  366, -196, -713, -631,  147, 1022, 1095,  -11,-1593,-2144, -417, 3469, 7819,10313, 9533, 5928, 1506,-1520,-2121, -900,  622, 1207,  670, -270, -765, -523,   91,  495,  408,    7, -313, -311,  -58,  186,  228,   79,  -99, -160,  -82,   43,  109,   79,   -8,  -85, -112,  -92,  -54,  -22,   -5,    0,
   -2,  -11,  -35,  -72, -105, -107,  -55,   34,  104,   91,  -11, -130, -152,  -27,  161,  238,   93, -188, -354, -201,  201,  506,  368, -192, -712, -634,  141, 1018, 1098,   -1,-1585,-2146, -436, 3441, 7795,10307, 9548, 5956, 1531,-1508,-2125, -910,  614, 1207,  676, -265, -764, -526,   87,  494,  410,   10, -312, -312,  -60,  185,  228,   81,  -98, -160,  -83,   42,  109,   80,   -7,  -84, -112,  -93,  -54,  -22,   -5,    0,
   -2,  -11,  -34,  -71, -105, -107,  -55,   34,  103,   92,  -11, -129, -152,  -28,  160,  238,   95, -186, -354, -203,  199,  505,  371, -188, -710, -637,  135, 1014, 1102,    8,-1576,-2149, -454, 3413, 7771,10301, 9563, 5984, 1557,-1497,-2128, -921,  607, 1207,  681, -260, -764, -530,   83,  493,  412,   13, -311, -313,  -62,  184,  229,   82,  -97, -160,  -83,   42,  109,   80,   -6,  -84, -112,  -93,  -54,  -22,   -5,    0,
   -1,  -11,  -34,  -71, -105, -107,  -56,   33,  103,   92,  -10, -129, -152,  -29,  159,  239,   97, -184, -353, -205,  196,  504,  373, -184, -708, -640,  129, 1010, 1105,   18,-1568,-2152, -472, 3385, 7747,10294, 9578, 6011, 1582,-1485,-2131, -931,  599, 1207,  687, -255, -763, -533,   80,  492,  413,   15, -309, -314,  -64,  183,  229,   83,  -96, -160,  -84,   41,  109,   81,   -6,  -84, -112,  -93,  -55,  -22,   -5,    0,
   -1,  -11,  -34,  -71, -105, -107,  -56,   33,  103,   92,   -9, -128, -153,  -30,  158,  239,   98, -183, -353, -207,  193,  503,  376, -180, -706, -642,  123, 1006, 1108,   28,-1560,-2155, -491, 3357, 7724,10288, 9593, 6039, 1607,-1473,-2134, -941,  592, 1207,  692, -250, -762, -536,   76,  491,  415,   18, -308, -315,  -66,  182,  230,   84,  -96, -160,  -85,   40,  109,   81,   -5,  -83, -112,  -93,  -55,  -22,   -5,    0,
   -1,  -10,  -34,  -71, -105, -107,  -57,   32,  103,   93,   -8, -128, -153,  -31,  157,  239,  100, -181, -353, -209,  191,  503,  378, -176, -704, -645,  117, 1002, 1111,   37,-1551,-2157, -509, 3329, 7700,10282, 9608, 6066, 1633,-1461,-2137, -951,  584, 1207,  698, -244, -761, -539,   72,  490,  417,   21, -307, -316,  -68,  181,  230,   85,  -95, -160,  -86,   40,  109,   82,   -5,  -83, -112,  -93,  -55,  -23,   -6,    0,
   -1,  -10,  -34,  -70, -105, -107,  -57,   31,  102,   93,   -7, -127, -153,  -32,  156,  239,  101, -179, -353, -211,  188,  502,  380, -172, -702, -648,  111,  998, 1114,   47,-1542,-2159, -527, 3301, 7676,10275, 9622, 6094, 1658,-1449,-2140, -961,  577, 1207,  703, -239, -760, -542,   68,  489,  419,   23, -306, -317,  -69,  180,  230,   87,  -94, -160,  -86,   39,  109,   82,   -4,  -83, -112,  -94,  -55,  -23,   -6,    0,
   -1,  -10,  -33,  -70, -105, -107,  -58,   31,  102,   94,   -7, -127, -154,  -33,  155,  239,  103, -177, -353, -213,  185,  501,  383, -168, -700, -651,  105,  994, 1117,   56,-1534,-2162, -545, 3273, 7651,10268, 9637, 6121, 1684,-1437,-2143, -972,  569, 1207,  709, -234, -760, -546,   65,  487,  421,   26, -305, -317,  -71,  179,  231,   88,  -93, -160,  -87,   38,  109,   82,   -4,  -82, -112,  -94,  -56,  -23,   -6,    0,
   -1,  -10,  -33,  -70, -104, -108,  -58,   30,  102,   94,   -6, -126, -154,  -35,  154,  239,  104, -176, -352, -215,  183,  500,  385, -164, -698, -654,   99,  990, 1120,   66,-1525,-2164, -563, 3245, 7627,10261, 9651, 6148, 1710,-1425,-2145, -982,  561, 1207,  714, -228, -759, -549,   61,  486,  423,   29, -304, -318,  -73,  178,  231,   89,  -92, -160,  -88,   38,  108,   83,   -3,  -82, -112,  -94,  -56,  -23,   -6,    0,
   -1,  -10,  -33,  -70, -104, -108,  -59,   30,  102,   94,   -5, -125, -154,  -36,  153,  239,  106, -174, -352, -217,  180,  499,  387, -160, -696, -656,   93,  986, 1123,   75,-1516,-2166, -581, 3217, 7603,10254, 9665, 6176, 1735,-1412,-2148, -992,  553, 1207,  720, -223, -758, -552,   57,  485,  424,   31, -302, -319,  -75,  177,  232,   90,  -91, -160,  -89,   37,  108,   83,   -2,  -82, -112,  -94,  -56,  -23,   -6,    0,
   -1,  -10,  -33,  -69, -104, -108,  -59,   29,  101,   95,   -4, -125, -154,  -37,  152,  239,  107, -172, -352, -218,  177,  498,  390, -156, -694, -659,   87,  982, 1126,   85,-1508,-2168, -598, 3189, 7579,10247, 9679, 6203, 1761,-1400,-2151,-1002,  546, 1207,  725, -218, -757, -555,   53,  484,  426,   34, -301, -320,  -77,  175,  232,   91,  -90, -161,  -89,   36,  108,   84,   -2,  -81, -112,  -94,  -56,  -23,   -6,    0,
   -1,  -10,  -33,  -69, -104, -108,  -60,   28,  101,   95,   -3, -124, -155,  -38,  151,  240,  109, -170, -352, -220,  175,  497,  392, -152, -692, -662,   81,  978, 1129,   94,-1499,-2170, -616, 3161, 7554,10239, 9693, 6230, 1787,-1387,-2153,-1012,  538, 1207,  731, -212, -756, -558,   49,  482,  428,   37, -300, -321,  -79,  174,  232,   93,  -89, -161,  -90,   35,  108,   84,   -1,  -81, -112,  -95,  -57,  -24,   -6,    0,
   -1,  -10,  -32,  -69, -104, -108,  -60,   28,  101,   95,   -3, -124, -155,  -39,  150,  240,  110, -169, -351, -222,  172,  496,  394, -148, -690, -664,   75,  974, 1132,  104,-1490,-2172, -633, 3134, 7530,10232, 9707, 6257, 1813,-1375,-2155,-1022,  530, 1206,  736, -207, -755, -561,   46,  481,  430,   39, -299, -322,  -80,  173,  233,   94,  -89, -161,  -91,   35,  108,   84,   -1,  -80, -112,  -95,  -57,  -24,   -6,    0,
   -1,  -10,  -32,  -69, -104, -108,  -60,   27,  101,   96,   -2, -123, -155,  -40,  149,  240,  111, -167, -351, -224,  169,  495,  396, -144, -688, -667,   69,  969, 1134,  113,-1481,-2174, -651, 3106, 7505,10224, 9721, 6285, 1838,-1362,-2158,-1032,  522, 1206,  742, -202, -753, -564,   42,  480,  431,   42, -297, -323,  -82,  172,  233,   95,  -88, -161,  -92,   34,  108,   85,    0,  -80, -112,  -95,  -57,  -24,   -6,    0,
   -1,  -10,  -32,  -68, -103, -108,  -61,   27,  100,   96,   -1, -122, -156,  -41,  148,  240,  113, -165, -351, -226,  167,  494,  399, -140, -686, -669,   63,  965, 1137,  123,-1472,-2175, -668, 3078, 7481,10217, 9734, 6312, 1864,-1349,-2160,-1042,  514, 1206,  747, -196, -752, -568,   38,  479,  433,   45, -296, -324,  -84,  171,  233,   96,  -87, -161,  -92,   33,  108,   85,    1,  -80, -112,  -95,  -57,  -24,   -6,    0,
   -1,  -10,  -32,  -68, -103, -109,  -61,   26,  100,   96,    0, -122, -156,  -42,  146,  240,  114, -164, -350, -228,  164,  493,  401, -136, -684, -672,   57,  961, 1140,  132,-1463,-2177, -685, 3050, 7456,10209, 9748, 6339, 1890,-1336,-2162,-1052,  506, 1205,  752, -191, -751, -571,   34,  477,  435,   48, -295, -325,  -86,  170,  234,   97,  -86, -161,  -93,   33,  107,   86,    1,  -79, -112,  -96,  -58,  -24,   -6,    0,
   -1,   -9,  -32,  -68, -103, -109,  -62,   26,  100,   97,    1, -121, -156,  -43,  145,  240,  116, -162, -350, -230,  161,  492,  403, -132, -681, -674,   51,  957, 1142,  141,-1454,-2178, -703, 3022, 7431,10201, 9761, 6366, 1916,-1323,-2164,-1062,  498, 1205,  758, -185, -750, -574,   30,  476,  436,   50, -294, -326,  -88,  169,  234,   99,  -85, -161,  -94,   32,  107,   86,    2,  -79, -112,  -96,  -58,  -24,   -6,    0,
   -1,   -9,  -31,  -68, -103, -109,  -62,   25,  100,   97,    1, -121, -156,  -45,  144,  240,  117, -160, -350, -231,  159,  491,  405, -128, -679, -677,   45,  952, 1145,  151,-1445,-2180, -720, 2995, 7406,10193, 9774, 6393, 1942,-1310,-2166,-1072,  490, 1204,  763, -180, -749, -577,   26,  475,  438,   53, -292, -326,  -90,  168,  234,  100,  -84, -161,  -95,   31,  107,   86,    2,  -79, -112,  -96,  -58,  -25,   -6,   -1,
   -1,   -9,  -31,  -67, -103, -109,  -63,   24,   99,   97,    2, -120, -156,  -46,  143,  240,  119, -158, -349, -233,  156,  490,  407, -124, -677, -679,   39,  948, 1147,  160,-1436,-2181, -737, 2967, 7381,10184, 9788, 6420, 1969,-1296,-2168,-1082,  482, 1204,  768, -174, -748, -580,   23,  473,  440,   56, -291, -327,  -91,  167,  235,  101,  -83, -161,  -95,   30,  107,   87,    3,  -78, -112,  -96,  -58,  -25,   -6,   -1,
   -1,   -9,  -31,  -67, -103, -109,  -63,   24,   99,   98,    3, -119, -157,  -47,  142,  240,  120, -156, -349, -235,  153,  489,  410, -120, -675, -682,   33,  944, 1150,  169,-1427,-2182, -753, 2939, 7356,10176, 9800, 6447, 1995,-1283,-2170,-1092,  474, 1203,  774, -169, -746, -583,   19,  472,  441,   58, -290, -328,  -93,  165,  235,  102,  -82, -161,  -96,   30,  107,   87,    3,  -78, -112,  -96,  -59,  -25,   -6,   -1,
   -1,   -9,  -31,  -67, -103, -109,  -64,   23,   99,   98,    4, -119, -157,  -48,  141,  240,  122, -155, -349, -237,  151,  488,  412, -116, -672, -684,   27,  939, 1152,  178,-1418,-2183, -770, 2912, 7331,10167, 9813, 6474, 2021,-1270,-2172,-1102,  466, 1202,  779, -163, -745, -586,   15,  470,  443,   61, -288, -329,  -95,  164,  235,  103,  -81, -161,  -97,   29,  106,   88,    4,  -77, -112,  -97,  -59,  -25,   -7,   -1,
   -1,   -9,  -31,  -67, -102, -109,  -64,   23,   98,   98,    5, -118, -157,  -49,  140,  240,  123, -153, -348, -238,  148,  487,  414, -112, -670, -686,   21,  935, 1154,  188,-1409,-2184, -787, 2884, 7306,10159, 9826, 6500, 2047,-1256,-2174,-1112,  458, 1202,  784, -158, -744, -589,   11,  469,  445,   64, -287, -330,  -97,  163,  236,  105,  -80, -161,  -97,   28,  106,   88,    5,  -77, -112,  -97,  -59,  -25,   -7,   -1,
   -1,   -9,  -30,  -66, -102, -109,  -65,   22,   98,   99,    5, -118, -157,  -50,  139,  240,  124, -151, -348, -240,  145,  486,  416, -108, -668, -689,   15,  930, 1157,  197,-1400,-2185, -803, 2857, 7281,10150, 9839, 6527, 2074,-1242,-2175,-1122,  450, 1201,  789, -152, -742, -591,    7,  467,  446,   66, -286, -330,  -99,  162,  236,  106,  -79, -161,  -98,   27,  106,   88,    5,  -77, -111,  -97,  -59,  -25,   -7,   -1,
   -1,   -9,  -30,  -66, -102, -109,  -65,   22,   98,   99,    6, -117, -158,  -51,  138,  240,  126, -149, -347, -242,  142,  485,  418, -104, -665, -691,    9,  926, 1159,  206,-1391,-2186, -820, 2829, 7256,10141, 9851, 6554, 2100,-1229,-2177,-1132,  441, 1200,  795, -147, -741, -594,    3,  466,  448,   69, -284, -331, -101,  161,  236,  107,  -78, -161,  -99,   27,  106,   89,    6,  -76, -111,  -97,  -60,  -26,   -7,   -1,
   -1,   -9,  -30,  -66, -102, -110,  -65,   21,   98,   99,    7, -116, -158,  -52,  137,  240,  127, -148, -347, -244,  140,  484,  420, -100, -663, -693,    3,  921, 1161,  215,-1382,-2187, -836, 2801, 7231,10132, 9864, 6581, 2127,-1215,-2178,-1142,  433, 1199,  800, -141, -739, -597,   -1,  464,  449,   72, -283, -332, -102,  159,  236,  108,  -77, -161, -100,   26,  106,   89,    6,  -76, -111,  -97,  -60,  -26,   -7,   -1,
   -1,   -9,  -30,  -66, -102, -110,  -66,   20,   97,  100,    8, -116, -158,  -53,  136,  240,  129, -146, -346, -245,  137,  482,  422,  -96, -661, -696,   -3,  917, 1163,  224,-1372,-2188, -853, 2774, 7205,10123, 9876, 6607, 2153,-1201,-2180,-1152,  425, 1198,  805, -135, -738, -600,   -5,  463,  451,   75, -281, -333, -104,  158,  237,  109,  -76, -161, -100,   25,  106,   89,    7,  -75, -111,  -97,  -60,  -26,   -7,   -1,
   -1,   -9,  -30,  -65, -102, -110,  -66,   20,   97,  100,    9, -115, -158,  -54,  134,  240,  130, -144, -346, -247,  134,  481,  424,  -92, -658, -698,   -9,  912, 1165,  233,-1363,-2188, -869, 2747, 7180,10113, 9888, 6634, 2180,-1187,-2181,-1162,  416, 1197,  810, -130, -736, -603,   -9,  461,  453,   77, -280, -333, -106,  157,  237,  110,  -75, -161, -101,   25,  105,   90,    8,  -75, -111,  -98,  -60,  -26,   -7,   -1,
   -1,   -9,  -30,  -65, -101, -110,  -67,   19,   97,  100,    9, -114, -158,  -55,  133,  240,  131, -142, -346, -249,  132,  480,  426,  -88, -656, -700,  -15,  907, 1167,  242,-1354,-2189, -885, 2719, 7155,10104, 9900, 6660, 2206,-1173,-2182,-1172,  408, 1196,  815, -124, -735, -606,  -12,  460,  454,   80, -279, -334, -108,  156,  237,  112,  -74, -160, -102,   24,  105,   90,    8,  -75, -111,  -98,  -60,  -26,   -7,   -1,
   -1,   -8,  -29,  -65, -101, -110,  -67,   19,   96,  101,   10, -114, -158,  -56,  132,  240,  133, -140, -345, -250,  129,  479,  428,  -84, -653, -702,  -21,  903, 1169,  251,-1344,-2189, -901, 2692, 7129,10094, 9912, 6687, 2233,-1158,-2183,-1181,  400, 1195,  820, -119, -733, -609,  -16,  458,  456,   83, -277, -335, -110,  155,  237,  113,  -73, -160, -102,   23,  105,   91,    9,  -74, -111,  -98,  -61,  -26,   -7,   -1,
   -1,   -8,  -29,  -65, -101, -110,  -68,   18,   96,  101,   11, -113, -159,  -57,  131,  240,  134, -139, -345, -252,  126,  478,  430,  -80, -651, -704,  -26,  898, 1171,  260,-1335,-2190, -917, 2665, 7104,10085, 9924, 6713, 2259,-1144,-2184,-1191,  391, 1194,  825, -113, -732, -611,  -20,  457,  457,   85, -276, -336, -112,  153,  238,  114,  -72, -160, -103,   22,  105,   91,    9,  -74, -111,  -98,  -61,  -27,   -7,   -1,
   -1,   -8,  -29,  -64, -101, -110,  -68,   17,   96,  101,   12, -112, -159,  -58,  130,  240,  135, -137, -344, -254,  123,  476,  432,  -76, -649, -706,  -32,  893, 1173,  269,-1326,-2190, -933, 2637, 7078,10075, 9935, 6740, 2286,-1129,-2185,-1201,  383, 1193,  830, -107, -730, -614,  -24,  455,  459,   88, -274, -336, -113,  152,  238,  115,  -71, -160, -104,   22,  104,   91,   10,  -73, -111,  -98,  -61,  -27,   -7,   -1,
   -1,   -8,  -29,  -64, -101, -110,  -68,   17,   95,  101,   12, -112, -159,  -59,  129,  240,  137, -135, -343, -255,  121,  475,  434,  -72, -646, -708,  -38,  889, 1175,  278,-1316,-2190, -948, 2610, 7052,10065, 9947, 6766, 2313,-1115,-2186,-1211,  374, 1191,  835, -102, -728, -617,  -28,  453,  460,   91, -273, -337, -115,  151,  238,  116,  -70, -160, -104,   21,  104,   92,   10,  -73, -111,  -99,  -61,  -27,   -7,   -1,
   -1,   -8,  -29,  -64, -100, -110,  -69,   16,   95,  102,   13, -111, -159,  -60,  128,  239,  138, -133, -343, -257,  118,  474,  436,  -68, -643, -710,  -44,  884, 1177,  287,-1307,-2190, -964, 2583, 7027,10055, 9958, 6792, 2340,-1100,-2187,-1220,  365, 1190,  840,  -96, -727, -620,  -32,  452,  462,   94, -271, -338, -117,  150,  238,  117,  -70, -160, -105,   20,  104,   92,   11,  -73, -111,  -99,  -62,  -27,   -7,   -1,
   -1,   -8,  -28,  -64, -100, -110,  -69,   16,   95,  102,   14, -111, -159,  -61,  127,  239,  139, -132, -342, -259,  115,  473,  437,  -64, -641, -712,  -50,  879, 1178,  296,-1297,-2190, -980, 2556, 7001,10044, 9969, 6819, 2367,-1086,-2187,-1230,  357, 1189,  845,  -90, -725, -622,  -36,  450,  463,   96, -270, -338, -119,  148,  238,  119,  -69, -160, -106,   19,  104,   92,   12,  -72, -111,  -99,  -62,  -27,   -7,   -1,
   -1,   -8,  -28,  -63, -100, -110,  -70,   15,   94,  102,   15, -110, -159,  -62,  125,  239,  141, -130, -342, -260,  113,  471,  439,  -60, -638, -714,  -56,  874, 1180,  305,-1288,-2190, -995, 2528, 6975,10034, 9980, 6845, 2393,-1071,-2188,-1240,  348, 1188,  850,  -84, -723, -625,  -40,  448,  464,   99, -268, -339, -121,  147,  238,  120,  -68, -160, -107,   19,  103,   93,   12,  -72, -111,  -99,  -62,  -27,   -8,   -1,
   -1,   -8,  -28,  -63, -100, -110,  -70,   15,   94,  102,   15, -109, -159,  -63,  124,  239,  142, -128, -341, -262,  110,  470,  441,  -56, -636, -716,  -61,  870, 1182,  313,-1278,-2190,-1010, 2501, 6949,10024, 9991, 6871, 2420,-1056,-2189,-1249,  340, 1186,  855,  -79, -722, -628,  -44,  446,  466,  102, -267, -339, -122,  146,  239,  121,  -67, -160, -107,   18,  103,   93,   13,  -71, -111,  -99,  -62,  -28,   -8,   -1,
   -1,   -8,  -28,  -63, -100, -111,  -71,   14,   94,  103,   16, -109, -160,  -64,  123,  239,  143, -126, -341, -263,  107,  469,  443,  -52, -633, -718,  -67,  865, 1183,  322,-1269,-2189,-1026, 2474, 6923,10013,10002, 6897, 2447,-1041,-2189,-1259,  331, 1185,  860,  -73, -720, -630,  -48,  445,  467,  104, -265, -340, -124,  145,  239,  122,  -65, -160, -108,   17,  103,   93,   13,  -71, -111, -100,  -63,  -28,   -8,   -1,
   -1,   -8,  -28,  -63, -100, -111,  -71,   13,   93,  103,   17, -108, -160,  -65,  122,  239,  145, -124, -340, -265,  104,  467,  445,  -48, -630, -720,  -73,  860, 1185,  331,-1259,-2189,-1041, 2447, 6897,10002,10013, 6923, 2474,-1026,-2189,-1269,  322, 1183,  865,  -67, -718, -633,  -52,  443,  469,  107, -263, -341, -126,  143,  239,  123,  -64, -160, -109,   16,  103,   94,   14,  -71, -111, -100,  -63,  -28,   -8,   -1,
   -1,   -8,  -28,  -62,  -99, -111,  -71,   13,   93,  103,   18, -107, -160,  -67,  121,  239,  146, -122, -339, -267,  102,  466,  446,  -44, -628, -722,  -79,  855, 1186,  340,-1249,-2189,-1056, 2420, 6871, 9991,10024, 6949, 2501,-1010,-2190,-1278,  313, 1182,  870,  -61, -716, -636,  -56,  441,  470,  110, -262, -341, -128,  142,  239,  124,  -63, -159, -109,   15,  102,   94,   15,  -70, -110, -100,  -63,  -28,   -8,   -1,
   -1,   -8,  -27,  -62,  -99, -111,  -72,   12,   93,  103,   19, -107, -160,  -68,  120,  238,  147, -121, -339, -268,   99,  464,  448,  -40, -625, -723,  -84,  850, 1188,  348,-1240,-2188,-1071, 2393, 6845, 9980,10034, 6975, 2528, -995,-2190,-1288,  305, 1180,  874,  -56, -714, -638,  -60,  439,  471,  113, -260, -342, -130,  141,  239,  125,  -62, -159, -110,   15,  102,   94,   15,  -70, -110, -100,  -63,  -28,   -8,   -1,
   -1,   -7,  -27,  -62,  -99, -111,  -72,   12,   92,  104,   19, -106, -160,  -69,  119,  238,  148, -119, -338, -270,   96,  463,  450,  -36, -622, -725,  -90,  845, 1189,  357,-1230,-2187,-1086, 2367, 6819, 9969,10044, 7001, 2556, -980,-2190,-1297,  296, 1178,  879,  -50, -712, -641,  -64,  437,  473,  115, -259, -342, -132,  139,  239,  127,  -61, -159, -111,   14,  102,   95,   16,  -69, -110, -100,  -64,  -28,   -8,   -1,
   -1,   -7,  -27,  -62,  -99, -111,  -73,   11,   92,  104,   20, -105, -160,  -70,  117,  238,  150, -117, -338, -271,   94,  462,  452,  -32, -620, -727,  -96,  840, 1190,  365,-1220,-2187,-1100, 2340, 6792, 9958,10055, 7027, 2583, -964,-2190,-1307,  287, 1177,  884,  -44, -710, -643,  -68,  436,  474,  118, -257, -343, -133,  138,  239,  128,  -60, -159, -111,   13,  102,   95,   16,  -69, -110, -100,  -64,  -29,   -8,   -1,
   -1,   -7,  -27,  -61,  -99, -111,  -73,   10,   92,  104,   21, -104, -160,  -70,  116,  238,  151, -115, -337, -273,   91,  460,  453,  -28, -617, -728, -102,  835, 1191,  374,-1211,-2186,-1115, 2313, 6766, 9947,10065, 7052, 2610, -948,-2190,-1316,  278, 1175,  889,  -38, -708, -646,  -72,  434,  475,  121, -255, -343, -135,  137,  240,  129,  -59, -159, -112,   12,  101,   95,   17,  -68, -110, -101,  -64,  -29,   -8,   -1,
   -1,   -7,  -27,  -61,  -98, -111,  -73,   10,   91,  104,   22, -104, -160,  -71,  115,  238,  152, -113, -336, -274,   88,  459,  455,  -24, -614, -730, -107,  830, 1193,  383,-1201,-2185,-1129, 2286, 6740, 9935,10075, 7078, 2637, -933,-2190,-1326,  269, 1173,  893,  -32, -706, -649,  -76,  432,  476,  123, -254, -344, -137,  135,  240,  130,  -58, -159, -112,   12,  101,   96,   17,  -68, -110, -101,  -64,  -29,   -8,   -1,
   -1,   -7,  -27,  -61,  -98, -111,  -74,    9,   91,  105,   22, -103, -160,  -72,  114,  238,  153, -112, -336, -276,   85,  457,  457,  -20, -611, -732, -113,  825, 1194,  391,-1191,-2184,-1144, 2259, 6713, 9924,10085, 7104, 2665, -917,-2190,-1335,  260, 1171,  898,  -26, -704, -651,  -80,  430,  478,  126, -252, -345, -139,  134,  240,  131,  -57, -159, -113,   11,  101,   96,   18,  -68, -110, -101,  -65,  -29,   -8,   -1,
   -1,   -7,  -26,  -61,  -98, -111,  -74,    9,   91,  105,   23, -102, -160,  -73,  113,  237,  155, -110, -335, -277,   83,  456,  458,  -16, -609, -733, -119,  820, 1195,  400,-1181,-2183,-1158, 2233, 6687, 9912,10094, 7129, 2692, -901,-2189,-1344,  251, 1169,  903,  -21, -702, -653,  -84,  428,  479,  129, -250, -345, -140,  133,  240,  132,  -56, -158, -114,   10,  101,   96,   19,  -67, -110, -101,  -65,  -29,   -8,   -1,
   -1,   -7,  -26,  -60,  -98, -111,  -75,    8,   90,  105,   24, -102, -160,  -74,  112,  237,  156, -108, -334, -279,   80,  454,  460,  -12, -606, -735, -124,  815, 1196,  408,-1172,-2182,-1173, 2206, 6660, 9900,10104, 7155, 2719, -885,-2189,-1354,  242, 1167,  907,  -15, -700, -656,  -88,  426,  480,  132, -249, -346, -142,  131,  240,  133,  -55, -158, -114,    9,  100,   97,   19,  -67, -110, -101,  -65,  -30,   -9,   -1,
   -1,   -7,  -26,  -60,  -98, -111,  -75,    8,   90,  105,   25, -101, -161,  -75,  110,  237,  157, -106, -333, -280,   77,  453,  461,   -9, -603, -736, -130,  810, 1197,  416,-1162,-2181,-1187, 2180, 6634, 9888,10113, 7180, 2747, -869,-2188,-1363,  233, 1165,  912,   -9, -698, -658,  -92,  424,  481,  134, -247, -346, -144,  130,  240,  134,  -54, -158, -115,    9,  100,   97,   20,  -66, -110, -102,  -65,  -30,   -9,   -1,
   -1,   -7,  -26,  -60,  -97, -111,  -75,    7,   89,  106,   25, -100, -161,  -76,  109,  237,  158, -104, -333, -281,   75,  451,  463,   -5, -600, -738, -135,  805, 1198,  425,-1152,-2180,-1201, 2153, 6607, 9876,10123, 7205, 2774, -853,-2188,-1372,  224, 1163,  917,   -3, -696, -661,  -96,  422,  482,  137, -245, -346, -146,  129,  240,  136,  -53, -158, -116,    8,  100,   97,   20,  -66, -110, -102,  -66,  -30,   -9,   -1,
   -1,   -7,  -26,  -60,  -97, -111,  -76,    6,   89,  106,   26, -100, -161,  -77,  108,  236,  159, -102, -332, -283,   72,  449,  464,   -1, -597, -739, -141,  800, 1199,  433,-1142,-2178,-1215, 2127, 6581, 9864,10132, 7231, 2801, -836,-2187,-1382,  215, 1161,  921,    3, -693, -663, -100,  420,  484,  140, -244, -347, -148,  127,  240,  137,  -52, -158, -116,    7,   99,   98,   21,  -65, -110, -102,  -66,  -30,   -9,   -1,
   -1,   -7,  -26,  -60,  -97, -111,  -76,    6,   89,  106,   27,  -99, -161,  -78,  107,  236,  161, -101, -331, -284,   69,  448,  466,    3, -594, -741, -147,  795, 1200,  441,-1132,-2177,-1229, 2100, 6554, 9851,10141, 7256, 2829, -820,-2186,-1391,  206, 1159,  926,    9, -691, -665, -104,  418,  485,  142, -242, -347, -149,  126,  240,  138,  -51, -158, -117,    6,   99,   98,   22,  -65, -109, -102,  -66,  -30,   -9,   -1,
   -1,   -7,  -25,  -59,  -97, -111,  -77,    5,   88,  106,   27,  -98, -161,  -79,  106,  236,  162,  -99, -330, -286,   66,  446,  467,    7, -591, -742, -152,  789, 1201,  450,-1122,-2175,-1242, 2074, 6527, 9839,10150, 7281, 2857, -803,-2185,-1400,  197, 1157,  930,   15, -689, -668, -108,  416,  486,  145, -240, -348, -151,  124,  240,  139,  -50, -157, -118,    5,   99,   98,   22,  -65, -109, -102,  -66,  -30,   -9,   -1,
   -1,   -7,  -25,  -59,  -97, -112,  -77,    5,   88,  106,   28,  -97, -161,  -80,  105,  236,  163,  -97, -330, -287,   64,  445,  469,   11, -589, -744, -158,  784, 1202,  458,-1112,-2174,-1256, 2047, 6500, 9826,10159, 7306, 2884, -787,-2184,-1409,  188, 1154,  935,   21, -686, -670, -112,  414,  487,  148, -238, -348, -153,  123,  240,  140,  -49, -157, -118,    5,   98,   98,   23,  -64, -109, -102,  -67,  -31,   -9,   -1,
   -1,   -7,  -25,  -59,  -97, -112,  -77,    4,   88,  106,   29,  -97, -161,  -81,  103,  235,  164,  -95, -329, -288,   61,  443,  470,   15, -586, -745, -163,  779, 1202,  466,-1102,-2172,-1270, 2021, 6474, 9813,10167, 7331, 2912, -770,-2183,-1418,  178, 1152,  939,   27, -684, -672, -116,  412,  488,  151, -237, -349, -155,  122,  240,  141,  -48, -157, -119,    4,   98,   99,   23,  -64, -109, -103,  -67,  -31,   -9,   -1,
   -1,   -6,  -25,  -59,  -96, -112,  -78,    3,   87,  107,   30,  -96, -161,  -82,  102,  235,  165,  -93, -328, -290,   58,  441,  472,   19, -583, -746, -169,  774, 1203,  474,-1092,-2170,-1283, 1995, 6447, 9800,10176, 7356, 2939, -753,-2182,-1427,  169, 1150,  944,   33, -682, -675, -120,  410,  489,  153, -235, -349, -156,  120,  240,  142,  -47, -157, -119,    3,   98,   99,   24,  -63, -109, -103,  -67,  -31,   -9,   -1,
   -1,   -6,  -25,  -58,  -96, -112,  -78,    3,   87,  107,   30,  -95, -161,  -83,  101,  235,  167,  -91, -327, -291,   56,  440,  473,   23, -580, -748, -174,  768, 1204,  482,-1082,-2168,-1296, 1969, 6420, 9788,10184, 7381, 2967, -737,-2181,-1436,  160, 1147,  948,   39, -679, -677, -124,  407,  490,  156, -233, -349, -158,  119,  240,  143,  -46, -156, -120,    2,   97,   99,   24,  -63, -109, -103,  -67,  -31,   -9,   -1,
   -1,   -6,  -25,  -58,  -96, -112,  -79,    2,   86,  107,   31,  -95, -161,  -84,  100,  234,  168,  -90, -326, -292,   53,  438,  475,   26, -577, -749, -180,  763, 1204,  490,-1072,-2166,-1310, 1942, 6393, 9774,10193, 7406, 2995, -720,-2180,-1445,  151, 1145,  952,   45, -677, -679, -128,  405,  491,  159, -231, -350, -160,  117,  240,  144,  -45, -156, -121,    1,   97,  100,   25,  -62, -109, -103,  -68,  -31,   -9,   -1,
    0,   -6,  -24,  -58,  -96, -112,  -79,    2,   86,  107,   32,  -94, -161,  -85,   99,  234,  169,  -88, -326, -294,   50,  436,  476,   30, -574, -750, -185,  758, 1205,  498,-1062,-2164,-1323, 1916, 6366, 9761,10201, 7431, 3022, -703,-2178,-1454,  141, 1142,  957,   51, -674, -681, -132,  403,  492,  161, -230, -350, -162,  116,  240,  145,  -43, -156, -121,    1,   97,  100,   26,  -62, -109, -103,  -68,  -32,   -9,   -1,
    0,   -6,  -24,  -58,  -96, -112,  -79,    1,   86,  107,   33,  -93, -161,  -86,   97,  234,  170,  -86, -325, -295,   48,  435,  477,   34, -571, -751, -191,  752, 1205,  506,-1052,-2162,-1336, 1890, 6339, 9748,10209, 7456, 3050, -685,-2177,-1463,  132, 1140,  961,   57, -672, -684, -136,  401,  493,  164, -228, -350, -164,  114,  240,  146,  -42, -156, -122,    0,   96,  100,   26,  -61, -109, -103,  -68,  -32,  -10,   -1,
    0,   -6,  -24,  -57,  -95, -112,  -80,    1,   85,  108,   33,  -92, -161,  -87,   96,  233,  171,  -84, -324, -296,   45,  433,  479,   38, -568, -752, -196,  747, 1206,  514,-1042,-2160,-1349, 1864, 6312, 9734,10217, 7481, 3078, -668,-2175,-1472,  123, 1137,  965,   63, -669, -686, -140,  399,  494,  167, -226, -351, -165,  113,  240,  148,  -41, -156, -122,   -1,   96,  100,   27,  -61, -108, -103,  -68,  -32,  -10,   -1,
    0,   -6,  -24,  -57,  -95, -112,  -80,    0,   85,  108,   34,  -92, -161,  -88,   95,  233,  172,  -82, -323, -297,   42,  431,  480,   42, -564, -753, -202,  742, 1206,  522,-1032,-2158,-1362, 1838, 6285, 9721,10224, 7505, 3106, -651,-2174,-1481,  113, 1134,  969,   69, -667, -688, -144,  396,  495,  169, -224, -351, -167,  111,  240,  149,  -40, -155, -123,   -2,   96,  101,   27,  -60, -108, -104,  -69,  -32,  -10,   -1,
    0,   -6,  -24,  -57,  -95, -112,  -80,   -1,   84,  108,   35,  -91, -161,  -89,   94,  233,  173,  -80, -322, -299,   39,  430,  481,   46, -561, -755, -207,  736, 1206,  530,-1022,-2155,-1375, 1813, 6257, 9707,10232, 7530, 3134, -633,-2172,-1490,  104, 1132,  974,   75, -664, -690, -148,  394,  496,  172, -222, -351, -169,  110,  240,  150,  -39, -155, -124,   -3,   95,  101,   28,  -60, -108, -104,  -69,  -32,  -10,   -1,
    0,   -6,  -24,  -57,  -95, -112,  -81,   -1,   84,  108,   35,  -90, -161,  -89,   93,  232,  174,  -79, -321, -300,   37,  428,  482,   49, -558, -756, -212,  731, 1207,  538,-1012,-2153,-1387, 1787, 6230, 9693,10239, 7554, 3161, -616,-2170,-1499,   94, 1129,  978,   81, -662, -692, -152,  392,  497,  175, -220, -352, -170,  109,  240,  151,  -38, -155, -124,   -3,   95,  101,   28,  -60, -108, -104,  -69,  -33,  -10,   -1,
    0,   -6,  -23,  -56,  -94, -112,  -81,   -2,   84,  108,   36,  -89, -161,  -90,   91,  232,  175,  -77, -320, -301,   34,  426,  484,   53, -555, -757, -218,  725, 1207,  546,-1002,-2151,-1400, 1761, 6203, 9679,10247, 7579, 3189, -598,-2168,-1508,   85, 1126,  982,   87, -659, -694, -156,  390,  498,  177, -218, -352, -172,  107,  239,  152,  -37, -154, -125,   -4,   95,  101,   29,  -59, -108, -104,  -69,  -33,  -10,   -1,
    0,   -6,  -23,  -56,  -94, -112,  -82,   -2,   83,  108,   37,  -89, -160,  -91,   90,  232,  177,  -75, -319, -302,   31,  424,  485,   57, -552, -758, -223,  720, 1207,  553, -992,-2148,-1412, 1735, 6176, 9665,10254, 7603, 3217, -581,-2166,-1516,   75, 1123,  986,   93, -656, -696, -160,  387,  499,  180, -217, -352, -174,  106,  239,  153,  -36, -154, -125,   -5,   94,  102,   30,  -59, -108, -104,  -70,  -33,  -10,   -1,
    0,   -6,  -23,  -56,  -94, -112,  -82,   -3,   83,  108,   38,  -88, -160,  -92,   89,  231,  178,  -73, -318, -304,   29,  423,  486,   61, -549, -759, -228,  714, 1207,  561, -982,-2145,-1425, 1710, 6148, 9651,10261, 7627, 3245, -563,-2164,-1525,   66, 1120,  990,   99, -654, -698, -164,  385,  500,  183, -215, -352, -176,  104,  239,  154,  -35, -154, -126,   -6,   94,  102,   30,  -58, -108, -104,  -70,  -33,  -10,   -1,
    0,   -6,  -23,  -56,  -94, -112,  -82,   -4,   82,  109,   38,  -87, -160,  -93,   88,  231,  179,  -71, -317, -305,   26,  421,  487,   65, -546, -760, -234,  709, 1207,  569, -972,-2143,-1437, 1684, 6121, 9637,10268, 7651, 3273, -545,-2162,-1534,   56, 1117,  994,  105, -651, -700, -168,  383,  501,  185, -213, -353, -177,  103,  239,  155,  -33, -154, -127,   -7,   94,  102,   31,  -58, -107, -105,  -70,  -33,  -10,   -1,
    0,   -6,  -23,  -55,  -94, -112,  -83,   -4,   82,  109,   39,  -86, -160,  -94,   87,  230,  180,  -69, -317, -306,   23,  419,  489,   68, -542, -760, -239,  703, 1207,  577, -961,-2140,-1449, 1658, 6094, 9622,10275, 7676, 3301, -527,-2159,-1542,   47, 1114,  998,  111, -648, -702, -172,  380,  502,  188, -211, -353, -179,  101,  239,  156,  -32, -153, -127,   -7,   93,  102,   31,  -57, -107, -105,  -70,  -34,  -10,   -1,
    0,   -6,  -23,  -55,  -93, -112,  -83,   -5,   82,  109,   40,  -86, -160,  -95,   85,  230,  181,  -68, -316, -307,   21,  417,  490,   72, -539, -761, -244,  698, 1207,  584, -951,-2137,-1461, 1633, 6066, 9608,10282, 7700, 3329, -509,-2157,-1551,   37, 1111, 1002,  117, -645, -704, -176,  378,  503,  191, -209, -353, -181,  100,  239,  157,  -31, -153, -128,   -8,   93,  103,   32,  -57, -107, -105,  -71,  -34,  -10,   -1,
    0,   -5,  -22,  -55,  -93, -112,  -83,   -5,   81,  109,   40,  -85, -160,  -96,   84,  230,  182,  -66, -315, -308,   18,  415,  491,   76, -536, -762, -250,  692, 1207,  592, -941,-2134,-1473, 1607, 6039, 9593,10288, 7724, 3357, -491,-2155,-1560,   28, 1108, 1006,  123, -642, -706, -180,  376,  503,  193, -207, -353, -183,   98,  239,  158,  -30, -153, -128,   -9,   92,  103,   33,  -56, -107, -105,  -71,  -34,  -11,   -1,
    0,   -5,  -22,  -55,  -93, -112,  -84,   -6,   81,  109,   41,  -84, -160,  -96,   83,  229,  183,  -64, -314, -309,   15,  413,  492,   80, -533, -763, -255,  687, 1207,  599, -931,-2131,-1485, 1582, 6011, 9578,10294, 7747, 3385, -472,-2152,-1568,   18, 1105, 1010,  129, -640, -708, -184,  373,  504,  196, -205, -353, -184,   97,  239,  159,  -29, -152, -129,  -10,   92,  103,   33,  -56, -107, -105,  -71,  -34,  -11,   -1,
    0,   -5,  -22,  -54,  -93, -112,  -84,   -6,   80,  109,   42,  -83, -160,  -97,   82,  229,  184,  -62, -313, -311,   13,  412,  493,   83, -530, -764, -260,  681, 1207,  607, -921,-2128,-1497, 1557, 5984, 9563,10301, 7771, 3413, -454,-2149,-1576,    8, 1102, 1014,  135, -637, -710, -188,  371,  505,  199, -203, -354, -186,   95,  238,  160,  -28, -152, -129,  -11,   92,  103,   34,  -55, -107, -105,  -71,  -34,  -11,   -2,
    0,   -5,  -22,  -54,  -93, -112,  -84,   -7,   80,  109,   42,  -83, -160,  -98,   81,  228,  185,  -60, -312, -312,   10,  410,  494,   87, -526, -764, -265,  676, 1207,  614, -910,-2125,-1508, 1531, 5956, 9548,10307, 7795, 3441, -436,-2146,-1585,   -1, 1098, 1018,  141, -634, -712, -192,  368,  506,  201, -201, -354, -188,   93,  238,  161,  -27, -152, -130,  -11,   91,  104,   34,  -55, -107, -105,  -72,  -35,  -11,   -2,
    0,   -5,  -22,  -54,  -92, -112,  -85,   -8,   79,  109,   43,  -82, -160,  -99,   79,  228,  186,  -58, -311, -313,    7,  408,  495,   91, -523, -765, -270,  670, 1207,  622, -900,-2121,-1520, 1506, 5928, 9533,10313, 7819, 3469, -417,-2144,-1593,  -11, 1095, 1022,  147, -631, -713, -196,  366,  506,  204, -199, -354, -189,   92,  238,  162,  -26, -151, -130,  -12,   91,  104,   35,  -54, -106, -106,  -72,  -35,  -11,   -2,
    0,   -5,  -22,  -54,  -92, -112,  -85,   -8,   79,  110,   44,  -81, -160, -100,   78,  227,  187,  -57, -310, -314,    5,  406,  496,   95, -520, -766, -276,  664, 1207,  629, -890,-2118,-1531, 1481, 5901, 9518,10319, 7842, 3498, -398,-2141,-1602,  -21, 1092, 1025,  153, -628, -715, -200,  363,  507,  207, -197, -354, -191,   90,  238,  163,  -24, -151, -131,  -13,   91,  104,   35,  -54, -106, -106,  -72,  -35,  -11,   -2,
    0,   -5,  -22,  -53,  -92, -112,  -85,   -9,   79,  110,   44,  -80, -160, -101,   77,  227,  188,  -55, -309, -315,    2,  404,  497,   98, -516, -767, -281,  659, 1206,  636, -880,-2115,-1543, 1456, 5873, 9503,10325, 7866, 3526, -380,-2138,-1610,  -31, 1088, 1029,  159, -625, -717, -204,  361,  508,  209, -195, -354, -193,   89,  238,  164,  -23, -151, -132,  -14,   90,  104,   36,  -53, -106, -106,  -72,  -35,  -11,   -2,
    0,   -5,  -21,  -53,  -92, -112,  -86,   -9,   78,  110,   45,  -80, -159, -102,   76,  226,  189,  -53, -307, -316,   -1,  402,  498,  102, -513, -767, -286,  653, 1206,  644, -869,-2111,-1554, 1431, 5845, 9487,10330, 7889, 3554, -361,-2134,-1618,  -40, 1085, 1033,  166, -622, -719, -208,  358,  509,  212, -193, -354, -194,   87,  237,  165,  -22, -150, -132,  -15,   90,  105,   36,  -53, -106, -106,  -73,  -35,  -11,   -2,
    0,   -5,  -21,  -53,  -92, -112,  -86,  -10,   78,  110,   46,  -79, -159, -102,   74,  226,  190,  -51, -306, -317,   -3,  400,  499,  106, -510, -768, -291,  647, 1205,  651, -859,-2108,-1565, 1406, 5818, 9472,10336, 7913, 3582, -342,-2131,-1626,  -50, 1081, 1036,  172, -619, -720, -212,  356,  509,  215, -191, -354, -196,   86,  237,  166,  -21, -150, -133,  -15,   89,  105,   37,  -52, -106, -106,  -73,  -36,  -11,   -2,
    0,   -5,  -21,  -53,  -91, -112,  -86,  -10,   77,  110,   46,  -78, -159, -103,   73,  225,  191,  -49, -305, -318,   -6,  398,  500,  109, -506, -768, -296,  642, 1205,  658, -849,-2104,-1576, 1381, 5790, 9456,10341, 7936, 3610, -323,-2128,-1635,  -60, 1078, 1040,  178, -616, -722, -216,  353,  510,  217, -189, -354, -198,   84,  237,  167,  -20, -150, -133,  -16,   89,  105,   38,  -52, -106, -106,  -73,  -36,  -11,   -2,
    0,   -5,  -21,  -53,  -91, -112,  -87,  -11,   77,  110,   47,  -77, -159, -104,   72,  225,  192,  -47, -304, -319,   -8,  396,  501,  113, -503, -769, -301,  636, 1204,  665, -838,-2100,-1587, 1356, 5762, 9440,10346, 7959, 3639, -304,-2124,-1643,  -70, 1074, 1044,  184, -613, -724, -220,  351,  511,  220, -187, -354, -199,   83,  237,  168,  -19, -149, -134,  -17,   88,  105,   38,  -51, -105, -106,  -73,  -36,  -12,   -2,
    0,   -5,  -21,  -52,  -91, -112,  -87,  -12,   76,  110,   48,  -77, -159, -105,   71,  224,  193,  -46, -303, -320,  -11,  394,  502,  117, -500, -769, -306,  630, 1204,  672, -828,-2097,-1598, 1331, 5734, 9424,10351, 7982, 3667, -285,-2121,-1651,  -80, 1070, 1047,  190, -609, -725, -224,  348,  511,  223, -185, -354, -201,   81,  236,  169,  -18, -149, -134,  -18,   88,  105,   39,  -51, -105, -107,  -74,  -36,  -12,   -2,
    0,   -5,  -21,  -52,  -91, -112,  -87,  -12,   76,  110,   48,  -76, -159, -106,   70,  224,  194,  -44, -302, -321,  -14,  392,  503,  120, -496, -770, -311,  625, 1203,  679, -818,-2093,-1609, 1307, 5706, 9408,10356, 8005, 3695, -266,-2117,-1659,  -90, 1067, 1051,  196, -606, -727, -228,  345,  512,  225, -183, -355, -203,   79,  236,  170,  -16, -148, -135,  -19,   88,  106,   39,  -50, -105, -107,  -74,  -36,  -12,   -2,
    0,   -5,  -21,  -52,  -90, -112,  -88,  -13,   75,  110,   49,  -75, -159, -106,   68,  223,  194,  -42, -301, -322,  -16,  390,  503,  124, -493, -770, -316,  619, 1203,  686, -807,-2089,-1620, 1282, 5679, 9392,10361, 8028, 3723, -246,-2114,-1667,  -99, 1063, 1054,  202, -603, -729, -232,  343,  512,  228, -181, -355, -204,   78,  236,  171,  -15, -148, -135,  -19,   87,  106,   40,  -50, -105, -107,  -74,  -37,  -12,   -2,
    0,   -5,  -20,  -52,  -90, -112,  -88,  -13,   75,  110,   50,  -74, -158, -107,   67,  223,  195,  -40, -300, -323,  -19,  388,  504,  127, -489, -771, -321,  613, 1202,  693, -797,-2085,-1630, 1257, 5651, 9376,10366, 8051, 3752, -227,-2110,-1675, -109, 1059, 1058,  208, -600, -730, -236,  340,  513,  230, -179, -355, -206,   76,  236,  172,  -14, -148, -136,  -20,   87,  106,   40,  -49, -105, -107,  -74,  -37,  -12,   -2,
    0,   -5,  -20,  -51,  -90, -112,  -88,  -14,   74,  110,   50,  -74, -158, -108,   66,  222,  196,  -38, -299, -324,  -21,  386,  505,  131, -486, -771, -326,  607, 1201,  700, -787,-2081,-1641, 1233, 5623, 9359,10370, 8074, 3780, -207,-2106,-1683, -119, 1055, 1061,  215, -596, -732, -240,  337,  513,  233, -176, -355, -208,   75,  235,  173,  -13, -147, -136,  -21,   86,  106,   41,  -49, -105, -107,  -75,  -37,  -12,   -2,
    0,   -5,  -20,  -51,  -90, -112,  -89,  -14,   74,  110,   51,  -73, -158, -109,   65,  222,  197,  -36, -298, -325,  -24,  384,  506,  135, -482, -771, -331,  602, 1200,  707, -776,-2077,-1651, 1208, 5595, 9343,10375, 8097, 3808, -188,-2102,-1691, -129, 1051, 1065,  221, -593, -733, -244,  335,  514,  236, -174, -355, -209,   73,  235,  174,  -12, -147, -137,  -22,   86,  106,   42,  -48, -104, -107,  -75,  -37,  -12,   -2,
    0,   -5,  -20,  -51,  -90, -112,  -89,  -15,   74,  110,   52,  -72, -158, -110,   63,  221,  198,  -35, -297, -326,  -27,  382,  507,  138, -479, -772, -336,  596, 1200,  714, -766,-2073,-1661, 1184, 5567, 9326,10379, 8119, 3837, -168,-2098,-1698, -139, 1047, 1068,  227, -590, -735, -248,  332,  514,  238, -172, -354, -211,   71,  235,  175,  -11, -146, -137,  -23,   85,  107,   42,  -48, -104, -107,  -75,  -37,  -12,   -2,
    0,   -4,  -20,  -51,  -89, -112,  -89,  -16,   73,  111,   52,  -71, -158, -110,   62,  221,  199,  -33, -295, -327,  -29,  380,  507,  142, -475, -772, -341,  590, 1199,  721, -756,-2068,-1671, 1160, 5539, 9309,10383, 8142, 3865, -148,-2093,-1706, -149, 1043, 1071,  233, -586, -736, -252,  329,  515,  241, -170, -354, -212,   70,  234,  176,   -9, -146, -138,  -23,   85,  107,   43,  -47, -104, -107,  -75,  -38,  -12,   -2,
    0,   -4,  -20,  -50,  -89, -112,  -90,  -16,   73,  111,   53,  -70, -158, -111,   61,  220,  200,  -31, -294, -327,  -32,  378,  508,  145, -472, -772, -346,  584, 1198,  728, -745,-2064,-1681, 1135, 5511, 9293,10387, 8164, 3893, -129,-2089,-1714, -159, 1039, 1075,  239, -583, -737, -256,  327,  515,  243, -168, -354, -214,   68,  234,  177,   -8, -146, -138,  -24,   85,  107,   43,  -47, -104, -108,  -76,  -38,  -13,   -2,
    0,   -4,  -19,  -50,  -89, -112,  -90,  -17,   72,  111,   54,  -70, -157, -112,   60,  220,  201,  -29, -293, -328,  -34,  376,  509,  149, -468, -772, -351,  578, 1197,  735, -735,-2060,-1691, 1111, 5483, 9276,10391, 8187, 3922, -109,-2085,-1722, -169, 1035, 1078,  245, -580, -739, -260,  324,  516,  246, -166, -354, -216,   67,  234,  178,   -7, -145, -139,  -25,   84,  107,   44,  -46, -104, -108,  -76,  -38,  -13,   -2,
    0,   -4,  -19,  -50,  -89, -112,  -90,  -17,   72,  111,   54,  -69, -157, -113,   58,  219,  202,  -27, -292, -329,  -37,  374,  510,  152, -465, -773, -355,  572, 1196,  741, -725,-2055,-1701, 1087, 5455, 9259,10394, 8209, 3950,  -89,-2080,-1729, -179, 1031, 1081,  251, -576, -740, -264,  321,  516,  248, -164, -354, -217,   65,  233,  179,   -6, -145, -139,  -26,   84,  107,   44,  -46, -104, -108,  -76,  -38,  -13,   -2,
    0,   -4,  -19,  -50,  -88, -112,  -91,  -18,   71,  111,   55,  -68, -157, -113,   57,  218,  202,  -25, -291, -330,  -40,  372,  510,  156, -461, -773, -360,  567, 1195,  748, -714,-2051,-1711, 1063, 5427, 9241,10398, 8231, 3979,  -68,-2076,-1737, -189, 1027, 1084,  258, -573, -742, -268,  318,  517,  251, -161, -354, -219,   63,  233,  179,   -5, -144, -140,  -27,   83,  107,   45,  -45, -103, -108,  -76,  -38,  -13,   -2,
    0,   -4,  -19,  -49,  -88, -112,  -91,  -18,   71,  111,   56,  -67, -157, -114,   56,  218,  203,  -24, -289, -331,  -42,  369,  511,  160, -458, -773, -365,  561, 1194,  755, -704,-2046,-1721, 1039, 5398, 9224,10401, 8254, 4007,  -48,-2071,-1744, -199, 1022, 1088,  264, -569, -743, -272,  315,  517,  254, -159, -354, -220,   62,  233,  180,   -4, -144, -140,  -28,   83,  108,   45,  -45, -103, -108,  -77,  -39,  -13,   -2,
    0,   -4,  -19,  -49,  -88, -112,  -91,  -19,   70,  111,   56,  -66, -157, -115,   55,  217,  204,  -22, -288, -332,  -45,  367,  511,  163, -454, -773, -370,  555, 1193,  761, -693,-2041,-1730, 1015, 5370, 9207,10405, 8276, 4035,  -28,-2066,-1752, -209, 1018, 1091,  270, -566, -744, -276,  313,  517,  256, -157, -354, -222,   60,  232,  181,   -2, -143, -140,  -28,   82,  108,   46,  -44, -103, -108,  -77,  -39,  -13,   -2,
    0,   -4,  -19,  -49,  -88, -112,  -92,  -20,   70,  111,   57,  -66, -156, -116,   54,  217,  205,  -20, -287, -332,  -47,  365,  512,  167, -451, -773, -375,  549, 1191,  768, -683,-2037,-1740,  991, 5342, 9189,10408, 8298, 4064,   -8,-2061,-1759, -219, 1014, 1094,  276, -562, -745, -280,  310,  518,  259, -155, -354, -224,   58,  232,  182,   -1, -143, -141,  -29,   82,  108,   47,  -44, -103, -108,  -77,  -39,  -13,   -2,
    0,   -4,  -19,  -49,  -88, -112,  -92,  -20,   69,  111,   57,  -65, -156, -116,   52,  216,  206,  -18, -286, -333,  -50,  363,  513,  170, -447, -773, -379,  543, 1190,  774, -673,-2032,-1749,  967, 5314, 9172,10411, 8320, 4092,   13,-2056,-1767, -230, 1009, 1097,  282, -559, -747, -284,  307,  518,  261, -153, -353, -225,   57,  232,  183,    0, -142, -141,  -30,   81,  108,   47,  -43, -103, -108,  -77,  -39,  -13,   -2,
    0,   -4,  -19,  -49,  -87, -112,  -92,  -21,   69,  111,   58,  -64, -156, -117,   51,  215,  206,  -16, -285, -334,  -52,  361,  513,  173, -444, -773, -384,  537, 1189,  781, -662,-2027,-1758,  943, 5286, 9154,10414, 8341, 4121,   33,-2051,-1774, -240, 1005, 1100,  288, -555, -748, -288,  304,  518,  264, -150, -353, -227,   55,  231,  184,    1, -142, -142,  -31,   81,  108,   48,  -43, -102, -108,  -78,  -39,  -13,   -2,
    0,   -4,  -18,  -48,  -87, -111,  -92,  -21,   68,  111,   59,  -63, -156, -118,   50,  215,  207,  -15, -283, -335,  -55,  359,  514,  177, -440, -773, -389,  531, 1188,  787, -652,-2022,-1767,  920, 5257, 9136,10417, 8363, 4149,   54,-2046,-1781, -250, 1000, 1103,  294, -551, -749, -292,  301,  519,  266, -148, -353, -228,   53,  231,  185,    2, -141, -142,  -32,   80,  108,   48,  -42, -102, -109,  -78,  -40,  -14,   -2,
    0,   -4,  -18,  -48,  -87, -111,  -93,  -22,   68,  111,   59,  -62, -155, -119,   49,  214,  208,  -13, -282, -335,  -57,  356,  514,  180, -436, -773, -393,  525, 1186,  793, -641,-2017,-1776,  896, 5229, 9118,10419, 8385, 4178,   75,-2041,-1789, -260,  996, 1106,  301, -548, -750, -296,  298,  519,  269, -146, -353, -230,   52,  230,  186,    4, -141, -143,  -32,   80,  108,   49,  -42, -102, -109,  -78,  -40,  -14,   -2,
    0,   -4,  -18,  -48,  -87, -111,  -93,  -22,   67,  111,   60,  -62, -155, -119,   47,  213,  209,  -11, -281, -336,  -60,  354,  515,  184, -433, -773, -398,  519, 1185,  800, -631,-2012,-1785,  872, 5201, 9100,10422, 8406, 4206,   95,-2036,-1796, -270,  991, 1109,  307, -544, -751, -300,  295,  519,  271, -144, -353, -231,   50,  230,  187,    5, -140, -143,  -33,   79,  109,   49,  -41, -102, -109,  -78,  -40,  -14,   -2,
    0,   -4,  -18,  -48,  -86, -111,  -93,  -23,   67,  111,   61,  -61, -155, -120,   46,  213,  210,   -9, -280, -337,  -62,  352,  515,  187, -429, -773, -402,  513, 1183,  806, -621,-2007,-1794,  849, 5173, 9082,10424, 8428, 4235,  116,-2030,-1803, -280,  986, 1112,  313, -540, -753, -304,  292,  519,  274, -141, -352, -233,   48,  229,  188,    6, -140, -144,  -34,   79,  109,   50,  -41, -102, -109,  -79,  -40,  -14,   -2,
    0,   -4,  -18,  -47,  -86, -111,  -94,  -23,   66,  111,   61,  -60, -155, -121,   45,  212,  210,   -7, -278, -338,  -65,  350,  516,  191, -425, -773, -407,  507, 1182,  812, -610,-2001,-1803,  826, 5144, 9064,10426, 8449, 4263,  137,-2025,-1810, -290,  982, 1114,  319, -536, -754, -308,  290,  519,  276, -139, -352, -234,   47,  229,  188,    7, -139, -144,  -35,   78,  109,   50,  -40, -101, -109,  -79,  -41,  -14,   -2,
    0,   -4,  -18,  -47,  -86, -111,  -94,  -24,   66,  111,   62,  -59, -154, -121,   44,  212,  211,   -6, -277, -338,  -67,  348,  516,  194, -422, -773, -412,  501, 1180,  818, -600,-1996,-1812,  802, 5116, 9046,10428, 8470, 4292,  158,-2019,-1817, -301,  977, 1117,  325, -533, -755, -311,  287,  520,  279, -137, -352, -236,   45,  229,  189,    8, -139, -144,  -36,   78,  109,   51,  -40, -101, -109,  -79,  -41,  -14,   -2,
    0,   -4,  -18,  -47,  -86, -111,  -94,  -25,   65,  111,   62,  -58, -154, -122,   43,  211,  212,   -4, -276, -339,  -70,  345,  516,  197, -418, -772, -416,  495, 1179,  824, -590,-1991,-1820,  779, 5088, 9027,10430, 8491, 4320,  179,-2013,-1824, -311,  972, 1120,  331, -529, -756, -315,  284,  520,  281, -135, -352, -237,   43,  228,  190,   10, -138, -145,  -37,   77,  109,   51,  -39, -101, -109,  -79,  -41,  -14,   -3,
    0,   -4,  -17,  -47,  -85, -111,  -94,  -25,   65,  111,   63,  -58, -154, -123,   41,  210,  213,   -2, -274, -340,  -72,  343,  517,  201, -414, -772, -421,  489, 1177,  830, -579,-1985,-1829,  756, 5059, 9009,10432, 8513, 4348,  201,-2007,-1831, -321,  967, 1123,  337, -525, -757, -319,  281,  520,  284, -132, -351, -239,   42,  228,  191,   11, -138, -145,  -37,   77,  109,   52,  -39, -101, -109,  -80,  -41,  -14,   -3,
    0,   -4,  -17,  -46,  -85, -111,  -95,  -26,   64,  111,   64,  -57, -153, -123,   40,  209,  213,    0, -273, -340,  -75,  341,  517,  204, -411, -772, -425,  483, 1175,  836, -569,-1980,-1837,  733, 5031, 8990,10434, 8534, 4377,  222,-2001,-1838, -331,  962, 1125,  344, -521, -758, -323,  278,  520,  286, -130, -351, -240,   40,  227,  192,   12, -137, -146,  -38,   76,  109,   52,  -38, -100, -109,  -80,  -41,  -14,   -3,
    0,   -4,  -17,  -46,  -85, -111,  -95,  -26,   64,  111,   64,  -56, -153, -124,   39,  209,  214,    2, -272, -341,  -77,  338,  518,  208, -407, -772, -430,  477, 1174,  842, -558,-1974,-1845,  710, 5003, 8971,10435, 8554, 4405,  243,-1995,-1845, -341,  957, 1128,  350, -517, -759, -327,  275,  520,  289, -128, -351, -242,   38,  227,  193,   13, -137, -146,  -39,   76,  109,   53,  -38, -100, -109,  -80,  -42,  -15,   -3,
    0,   -3,  -17,  -46,  -85, -111,  -95,  -27,   63,  111,   65,  -55, -153, -125,   38,  208,  215,    3, -270, -341,  -80,  336,  518,  211, -403, -771, -434,  471, 1172,  848, -548,-1969,-1853,  687, 4974, 8952,10437, 8575, 4434,  265,-1989,-1851, -352,  952, 1130,  356, -513, -759, -331,  271,  520,  291, -125, -350, -243,   36,  226,  193,   14, -136, -146,  -40,   75,  109,   54,  -37, -100, -110,  -80,  -42,  -15,   -3,
    0,   -3,  -17,  -46,  -85, -111,  -95,  -27,   63,  111,   65,  -54, -153, -125,   36,  207,  215,    5, -269, -342,  -82,  334,  518,  214, -400, -771, -438,  465, 1170,  854, -538,-1963,-1861,  664, 4946, 8933,10438, 8596, 4462,  286,-1983,-1858, -362,  947, 1133,  362, -509, -760, -335,  268,  520,  294, -123, -350, -245,   35,  226,  194,   16, -136, -147,  -41,   75,  110,   54,  -37, -100, -110,  -80,  -42,  -15,   -3,
    0,   -3,  -17,  -46,  -84, -111,  -96,  -28,   62,  111,   66,  -54, -152, -126,   35,  207,  216,    7, -268, -343,  -85,  332,  519,  217, -396, -770, -443,  459, 1168,  860, -527,-1958,-1869,  641, 4918, 8914,10439, 8617, 4491,  308,-1976,-1865, -372,  942, 1136,  368, -505, -761, -339,  265,  520,  296, -121, -350, -246,   33,  225,  195,   17, -135, -147,  -41,   74,  110,   55,  -36, -100, -110,  -81,  -42,  -15,   -3,
    0,   -3,  -17,  -45,  -84, -111,  -96,  -28,   62,  111,   66,  -53, -152, -127,   34,  206,  217,    9, -266, -343,  -87,  329,  519,  221, -392, -770, -447,  453, 1166,  866, -517,-1952,-1877,  618, 4889, 8895,10440, 8637, 4519,  329,-1970,-1871, -383,  937, 1138,  374, -501, -762, -343,  262,  520,  298, -118, -349, -248,   31,  224,  196,   18, -135, -148,  -42,   74,  110,   55,  -35,  -99, -110,  -81,  -42,  -15,   -3,
    0,   -3,  -17,  -45,  -84, -111,  -96,  -29,   61,  111,   67,  -52, -152, -127,   33,  205,  217,   10, -265, -344,  -90,  327,  519,  224, -388, -770, -451,  447, 1164,  872, -507,-1946,-1885,  596, 4861, 8876,10441, 8658, 4548,  351,-1963,-1878, -393,  932, 1140,  380, -497, -763, -346,  259,  520,  301, -116, -349, -249,   30,  224,  197,   19, -134, -148,  -43,   73,  110,   56,  -35,  -99, -110,  -81,  -43,  -15,   -3,
    0,   -3,  -16,  -45,  -84, -111,  -97,  -30,   61,  111,   68,  -51, -151, -128,   31,  204,  218,   12, -264, -344,  -92,  325,  519,  227, -385, -769, -456,  441, 1162,  877, -496,-1940,-1893,  573, 4832, 8857,10441, 8678, 4576,  373,-1957,-1884, -403,  927, 1143,  386, -493, -764, -350,  256,  520,  303, -114, -349, -251,   28,  223,  198,   21, -133, -148,  -44,   73,  110,   56,  -34,  -99, -110,  -81,  -43,  -15,   -3,
    0,   -3,  -16,  -45,  -83, -111,  -97,  -30,   60,  110,   68,  -50, -151, -129,   30,  204,  219,   14, -262, -345,  -95,  322,  519,  231, -381, -769, -460,  435, 1160,  883, -486,-1934,-1900,  550, 4804, 8837,10442, 8698, 4605,  395,-1950,-1891, -413,  921, 1145,  392, -489, -764, -354,  253,  520,  306, -111, -348, -252,   26,  223,  198,   22, -133, -149,  -45,   72,  110,   57,  -34,  -99, -110,  -82,  -43,  -15,   -3,
    0,   -3,  -16,  -44,  -83, -111,  -97,  -31,   60,  110,   69,  -50, -151, -129,   29,  203,  219,   16, -261, -345,  -97,  320,  520,  234, -377, -768, -464,  429, 1158,  889, -475,-1928,-1908,  528, 4776, 8818,10442, 8718, 4633,  417,-1943,-1897, -424,  916, 1147,  399, -485, -765, -358,  250,  520,  308, -109, -348, -254,   24,  222,  199,   23, -132, -149,  -46,   72,  110,   57,  -33,  -98, -110,  -82,  -43,  -16,   -3,
    0,   -3,  -16,  -44,  -83, -110,  -97,  -31,   59,  110,   69,  -49, -150, -130,   28,  202,  220,   17, -259, -346,  -99,  318,  520,  237, -373, -768, -469,  423, 1156,  894, -465,-1922,-1915,  506, 4747, 8798,10443, 8738, 4662,  439,-1936,-1903, -434,  911, 1150,  405, -481, -766, -362,  247,  520,  310, -107, -347, -255,   23,  222,  200,   24, -132, -149,  -46,   71,  110,   58,  -33,  -98, -110,  -82,  -44,  -16,   -3,
   26,   -3,  -16,  -44,  -83, -110,  -98,  -32,   59,  110,   70,  -48, -150, -130,   27,  201,  220,   19, -258, -346, -102,  315,  520,  240, -369, -767, -473,  417, 1154,  900, -455,-1916,-1922,  483, 4719, 8778,10443, 8758, 4690,  461,-1929,-1910, -444,  905, 1152,  411, -477, -766, -366,  243,  520,  313, -104, -347, -257,   21,  221,  201,   25, -131, -150,  -47,   70,  110,   58,  -32,  -98, -110,  -82,  -44,  -16,   -3,
