//single phase coef Number:=24,    upsample factor:=441,     downsample factor:=160
24,441,160,0,
    86,  202, -256,  223,  -66, -369, 1024,-1921, 2861,-3745, 4317,28180, 4384,-3769, 2869,-1920, 1020, -364,  -69,  225, -257,  201,   86,   23,
   85,  202, -255,  221,  -62, -373, 1028,-1922, 2854,-3721, 4250,28179, 4451,-3792, 2876,-1919, 1016, -359,  -73,  227, -257,  201,   87,    1,
   85,  202, -254,  219,  -59, -378, 1032,-1922, 2847,-3697, 4184,28179, 4519,-3816, 2883,-1918, 1012, -355,  -77,  229, -258,  200,   87,    1,
   84,  203, -253,  217,  -55, -382, 1036,-1923, 2839,-3673, 4117,28177, 4586,-3839, 2890,-1917, 1007, -350,  -80,  231, -259,  200,   87,    1,
   84,  203, -253,  214,  -51, -387, 1040,-1924, 2832,-3649, 4051,28176, 4654,-3863, 2897,-1916, 1003, -345,  -84,  233, -259,  200,   88,    1,
   84,  203, -252,  212,  -48, -391, 1044,-1924, 2824,-3625, 3984,28174, 4722,-3886, 2903,-1915,  999, -340,  -88,  236, -260,  199,   88,    1,
   83,  204, -251,  210,  -44, -396, 1048,-1924, 2816,-3601, 3918,28172, 4790,-3910, 2910,-1914,  994, -336,  -91,  238, -261,  199,   89,    1,
   83,  204, -250,  208,  -41, -400, 1052,-1925, 2808,-3576, 3852,28170, 4858,-3933, 2916,-1913,  990, -331,  -95,  240, -262,  198,   89,    1,
   82,  204, -249,  206,  -37, -405, 1056,-1925, 2800,-3552, 3786,28167, 4926,-3956, 2923,-1911,  985, -326,  -99,  242, -262,  198,   90,    1,
   82,  205, -249,  204,  -34, -409, 1059,-1925, 2792,-3528, 3721,28163, 4994,-3979, 2929,-1910,  981, -321, -102,  244, -263,  198,   90,    1,
   81,  205, -248,  202,  -30, -414, 1063,-1925, 2784,-3503, 3655,28160, 5063,-4002, 2935,-1908,  976, -316, -106,  246, -264,  197,   90,    1,
   81,  205, -247,  199,  -26, -418, 1067,-1925, 2776,-3479, 3590,28156, 5131,-4024, 2942,-1907,  972, -312, -110,  248, -264,  197,   91,    1,
   81,  206, -246,  197,  -23, -422, 1070,-1925, 2768,-3454, 3525,28152, 5200,-4047, 2948,-1905,  967, -307, -113,  250, -265,  196,   91,    1,
   80,  206, -245,  195,  -19, -427, 1074,-1925, 2759,-3429, 3460,28147, 5269,-4070, 2954,-1903,  962, -302, -117,  252, -266,  196,   92,    1,
   80,  206, -244,  193,  -16, -431, 1077,-1925, 2751,-3404, 3395,28142, 5338,-4092, 2959,-1901,  957, -297, -121,  254, -266,  195,   92,    1,
   79,  207, -243,  191,  -12, -435, 1081,-1924, 2742,-3380, 3330,28137, 5407,-4115, 2965,-1900,  953, -292, -124,  256, -267,  195,   93,    1,
   79,  207, -243,  189,   -9, -440, 1084,-1924, 2733,-3355, 3266,28131, 5476,-4137, 2971,-1898,  948, -287, -128,  258, -268,  194,   93,    1,
   79,  207, -242,  187,   -5, -444, 1087,-1923, 2725,-3330, 3201,28125, 5546,-4159, 2976,-1896,  943, -282, -132,  260, -268,  194,   94,    1,
   78,  208, -241,  184,   -2, -448, 1091,-1923, 2716,-3305, 3137,28118, 5615,-4181, 2982,-1893,  938, -277, -135,  262, -269,  194,   94,    1,
   78,  208, -240,  182,    2, -452, 1094,-1922, 2707,-3280, 3073,28112, 5685,-4203, 2987,-1891,  933, -272, -139,  264, -270,  193,   94,    1,
   77,  208, -239,  180,    5, -457, 1097,-1922, 2698,-3254, 3009,28104, 5755,-4225, 2992,-1889,  928, -267, -143,  266, -270,  193,   95,    2,
   77,  208, -238,  178,    9, -461, 1100,-1921, 2689,-3229, 2946,28097, 5825,-4247, 2998,-1887,  923, -262, -146,  268, -271,  192,   95,    2,
   76,  209, -237,  176,   12, -465, 1103,-1920, 2680,-3204, 2882,28089, 5895,-4269, 3003,-1884,  918, -257, -150,  270, -271,  192,   96,    2,
   76,  209, -236,  173,   16, -469, 1107,-1919, 2670,-3179, 2819,28081, 5965,-4291, 3008,-1882,  912, -252, -154,  272, -272,  191,   96,    2,
   76,  209, -235,  171,   19, -473, 1110,-1918, 2661,-3153, 2756,28072, 6035,-4312, 3012,-1879,  907, -246, -157,  274, -273,  191,   97,    2,
   75,  210, -235,  169,   23, -477, 1113,-1917, 2652,-3128, 2693,28063, 6105,-4333, 3017,-1876,  902, -241, -161,  276, -273,  190,   97,    2,
   75,  210, -234,  167,   26, -481, 1115,-1916, 2642,-3102, 2630,28054, 6176,-4355, 3022,-1874,  897, -236, -165,  278, -274,  190,   98,    2,
   74,  210, -233,  165,   30, -485, 1118,-1915, 2633,-3077, 2567,28044, 6246,-4376, 3026,-1871,  891, -231, -168,  280, -274,  189,   98,    2,
   74,  210, -232,  163,   33, -489, 1121,-1914, 2623,-3051, 2505,28034, 6317,-4397, 3031,-1868,  886, -226, -172,  282, -275,  189,   99,    2,
   74,  211, -231,  160,   36, -493, 1124,-1913, 2613,-3025, 2443,28024, 6388,-4418, 3035,-1865,  881, -221, -176,  284, -275,  188,   99,    2,
   73,  211, -230,  158,   40, -497, 1127,-1911, 2603,-3000, 2381,28013, 6459,-4439, 3039,-1862,  875, -215, -180,  286, -276,  188,   99,    2,
   73,  211, -229,  156,   43, -501, 1129,-1910, 2593,-2974, 2319,28002, 6530,-4460, 3043,-1859,  870, -210, -183,  288, -277,  187,  100,    2,
   72,  211, -228,  154,   47, -505, 1132,-1908, 2583,-2948, 2257,27991, 6601,-4480, 3047,-1856,  864, -205, -187,  290, -277,  186,  100,    2,
   72,  212, -227,  152,   50, -509, 1135,-1907, 2573,-2922, 2196,27979, 6672,-4501, 3051,-1852,  858, -200, -191,  292, -278,  186,  101,    2,
   72,  212, -226,  149,   54, -513, 1137,-1905, 2563,-2896, 2134,27967, 6744,-4521, 3055,-1849,  853, -194, -194,  294, -278,  185,  101,    2,
   71,  212, -225,  147,   57, -516, 1140,-1904, 2553,-2871, 2073,27955, 6815,-4541, 3058,-1846,  847, -189, -198,  296, -279,  185,  102,    2,
   71,  212, -224,  145,   60, -520, 1142,-1902, 2543,-2845, 2012,27942, 6887,-4562, 3062,-1842,  841, -184, -202,  297, -279,  184,  102,    2,
   70,  212, -223,  143,   64, -524, 1145,-1900, 2532,-2819, 1951,27929, 6959,-4582, 3065,-1839,  836, -178, -206,  299, -280,  184,  103,    2,
   70,  213, -222,  141,   67, -528, 1147,-1898, 2522,-2792, 1891,27915, 7030,-4602, 3069,-1835,  830, -173, -209,  301, -280,  183,  103,    2,
   70,  213, -221,  138,   70, -531, 1149,-1896, 2511,-2766, 1830,27901, 7102,-4621, 3072,-1831,  824, -168, -213,  303, -280,  183,  104,    2,
   69,  213, -220,  136,   74, -535, 1151,-1894, 2501,-2740, 1770,27887, 7174,-4641, 3075,-1828,  818, -162, -217,  305, -281,  182,  104,    2,
   69,  213, -219,  134,   77, -539, 1154,-1892, 2490,-2714, 1710,27872, 7246,-4661, 3078,-1824,  812, -157, -220,  307, -281,  181,  105,    2,
   69,  213, -218,  132,   80, -542, 1156,-1890, 2479,-2688, 1651,27857, 7319,-4680, 3081,-1820,  806, -151, -224,  309, -282,  181,  105,    2,
   68,  214, -217,  129,   84, -546, 1158,-1888, 2469,-2662, 1591,27842, 7391,-4699, 3084,-1816,  800, -146, -228,  311, -282,  180,  105,    2,
   68,  214, -216,  127,   87, -550, 1160,-1885, 2458,-2635, 1531,27826, 7463,-4718, 3086,-1812,  794, -141, -231,  312, -283,  180,  106,    2,
   67,  214, -215,  125,   90, -553, 1162,-1883, 2447,-2609, 1472,27811, 7536,-4738, 3089,-1807,  788, -135, -235,  314, -283,  179,  106,    2,
   67,  214, -214,  123,   93, -557, 1164,-1880, 2436,-2583, 1413,27794, 7608,-4756, 3091,-1803,  782, -130, -239,  316, -283,  178,  107,    2,
   67,  214, -213,  121,   97, -560, 1166,-1878, 2425,-2556, 1354,27777, 7681,-4775, 3094,-1799,  776, -124, -243,  318, -284,  178,  107,    2,
   66,  214, -212,  118,  100, -564, 1168,-1875, 2413,-2530, 1296,27760, 7754,-4794, 3096,-1795,  769, -119, -246,  320, -284,  177,  108,    3,
   66,  215, -211,  116,  103, -567, 1170,-1873, 2402,-2503, 1237,27743, 7827,-4812, 3098,-1790,  763, -113, -250,  321, -285,  177,  108,    3,
   65,  215, -210,  114,  107, -570, 1172,-1870, 2391,-2477, 1179,27725, 7899,-4831, 3100,-1786,  757, -108, -254,  323, -285,  176,  109,    3,
   65,  215, -209,  112,  110, -574, 1173,-1867, 2379,-2450, 1121,27707, 7972,-4849, 3102,-1781,  751, -102, -257,  325, -285,  175,  109,    3,
   65,  215, -207,  110,  113, -577, 1175,-1864, 2368,-2424, 1063,27689, 8045,-4867, 3104,-1776,  744,  -97, -261,  327, -286,  175,  110,    3,
   64,  215, -206,  107,  116, -581, 1177,-1862, 2357,-2397, 1006,27670, 8119,-4885, 3105,-1771,  738,  -91, -265,  329, -286,  174,  110,    3,
   64,  215, -205,  105,  119, -584, 1178,-1859, 2345,-2371,  948,27651, 8192,-4903, 3107,-1767,  731,  -85, -268,  330, -286,  173,  111,    3,
   64,  215, -204,  103,  123, -587, 1180,-1856, 2333,-2344,  891,27631, 8265,-4921, 3108,-1762,  725,  -80, -272,  332, -287,  173,  111,    3,
   63,  215, -203,  101,  126, -590, 1181,-1852, 2322,-2318,  834,27612, 8339,-4938, 3109,-1757,  718,  -74, -276,  334, -287,  172,  112,    3,
   63,  216, -202,   98,  129, -594, 1183,-1849, 2310,-2291,  777,27592, 8412,-4956, 3111,-1752,  712,  -69, -279,  336, -287,  171,  112,    3,
   63,  216, -201,   96,  132, -597, 1184,-1846, 2298,-2264,  721,27571, 8485,-4973, 3112,-1747,  705,  -63, -283,  337, -288,  171,  113,    3,
   62,  216, -200,   94,  135, -600, 1186,-1843, 2286,-2238,  664,27550, 8559,-4990, 3113,-1741,  698,  -57, -287,  339, -288,  170,  113,    3,
   62,  216, -199,   92,  138, -603, 1187,-1839, 2274,-2211,  608,27529, 8633,-5007, 3113,-1736,  692,  -52, -290,  341, -288,  169,  113,    3,
   61,  216, -198,   90,  141, -606, 1188,-1836, 2262,-2184,  552,27507, 8706,-5024, 3114,-1731,  685,  -46, -294,  342, -289,  169,  114,    3,
   61,  216, -196,   87,  145, -609, 1189,-1833, 2250,-2157,  496,27486, 8780,-5041, 3115,-1725,  678,  -40, -298,  344, -289,  168,  114,    3,
   61,  216, -195,   85,  148, -612, 1191,-1829, 2238,-2131,  441,27463, 8854,-5058, 3115,-1720,  671,  -35, -301,  346, -289,  167,  115,    3,
   60,  216, -194,   83,  151, -615, 1192,-1826, 2226,-2104,  386,27441, 8928,-5074, 3116,-1714,  665,  -29, -305,  347, -289,  167,  115,    3,
   60,  216, -193,   81,  154, -618, 1193,-1822, 2213,-2077,  331,27418, 9002,-5090, 3116,-1708,  658,  -23, -309,  349, -290,  166,  116,    3,
   60,  216, -192,   79,  157, -621, 1194,-1818, 2201,-2050,  276,27395, 9076,-5106, 3116,-1703,  651,  -17, -312,  351, -290,  165,  116,    3,
   59,  217, -191,   76,  160, -624, 1195,-1814, 2189,-2023,  221,27371, 9150,-5122, 3116,-1697,  644,  -12, -316,  352, -290,  165,  117,    3,
   59,  217, -190,   74,  163, -627, 1196,-1811, 2176,-1997,  167,27347, 9224,-5138, 3116,-1691,  637,   -6, -320,  354, -290,  164,  117,    3,
   59,  217, -189,   72,  166, -630, 1197,-1807, 2164,-1970,  112,27323, 9299,-5154, 3116,-1685,  630,    0, -323,  356, -290,  163,  118,    3,
   58,  217, -187,   70,  169, -633, 1197,-1803, 2151,-1943,   58,27298, 9373,-5169, 3115,-1679,  623,    6, -327,  357, -291,  162,  118,    4,
   58,  217, -186,   68,  172, -636, 1198,-1799, 2138,-1916,    4,27273, 9447,-5185, 3115,-1673,  616,   11, -330,  359, -291,  162,  119,    4,
   58,  217, -185,   65,  175, -639, 1199,-1795, 2126,-1889,  -49,27248, 9522,-5200, 3114,-1667,  609,   17, -334,  360, -291,  161,  119,    4,
   57,  217, -184,   63,  178, -641, 1200,-1790, 2113,-1862, -103,27223, 9596,-5215, 3114,-1660,  601,   23, -338,  362, -291,  160,  120,    4,
   57,  217, -183,   61,  181, -644, 1200,-1786, 2100,-1836, -156,27197, 9671,-5230, 3113,-1654,  594,   29, -341,  364, -291,  159,  120,    4,
   56,  217, -182,   59,  184, -647, 1201,-1782, 2087,-1809, -209,27170, 9745,-5245, 3112,-1648,  587,   34, -345,  365, -291,  159,  121,    4,
   56,  217, -180,   57,  187, -650, 1202,-1778, 2074,-1782, -261,27144, 9820,-5259, 3111,-1641,  580,   40, -348,  367, -292,  158,  121,    4,
   56,  217, -179,   54,  190, -652, 1202,-1773, 2061,-1755, -314,27117, 9894,-5274, 3109,-1635,  572,   46, -352,  368, -292,  157,  122,    4,
   55,  217, -178,   52,  193, -655, 1203,-1769, 2048,-1728, -366,27090, 9969,-5288, 3108,-1628,  565,   52, -356,  370, -292,  156,  122,    4,
   55,  217, -177,   50,  196, -658, 1203,-1764, 2035,-1701, -418,27062,10044,-5302, 3107,-1621,  558,   58, -359,  371, -292,  156,  123,    4,
   55,  217, -176,   48,  198, -660, 1203,-1760, 2022,-1674, -470,27034,10119,-5316, 3105,-1615,  550,   64, -363,  373, -292,  155,  123,    4,
   54,  217, -174,   46,  201, -663, 1204,-1755, 2009,-1647, -521,27006,10193,-5330, 3104,-1608,  543,   70, -366,  374, -292,  154,  124,    4,
   54,  217, -173,   43,  204, -665, 1204,-1751, 1996,-1621, -573,26977,10268,-5344, 3102,-1601,  535,   75, -370,  376, -292,  153,  124,    4,
   54,  217, -172,   41,  207, -668, 1204,-1746, 1983,-1594, -624,26948,10343,-5357, 3100,-1594,  528,   81, -373,  377, -292,  153,  125,    4,
   53,  217, -171,   39,  210, -670, 1205,-1741, 1969,-1567, -675,26919,10418,-5370, 3098,-1587,  520,   87, -377,  379, -292,  152,  125,    4,
   53,  217, -170,   37,  213, -673, 1205,-1736, 1956,-1540, -725,26889,10493,-5384, 3096,-1580,  513,   93, -381,  380, -292,  151,  125,    4,
   53,  217, -168,   35,  215, -675, 1205,-1731, 1942,-1513, -776,26859,10568,-5397, 3093,-1572,  505,   99, -384,  382, -292,  150,  126,    4,
   52,  217, -167,   33,  218, -677, 1205,-1726, 1929,-1486, -826,26829,10643,-5409, 3091,-1565,  497,  105, -388,  383, -292,  149,  126,    4,
   52,  217, -166,   30,  221, -680, 1205,-1721, 1916,-1460, -876,26799,10718,-5422, 3088,-1558,  490,  111, -391,  384, -292,  149,  127,    5,
   52,  217, -165,   28,  224, -682, 1205,-1716, 1902,-1433, -926,26768,10793,-5434, 3086,-1550,  482,  117, -395,  386, -292,  148,  127,    5,
   51,  217, -164,   26,  227, -684, 1205,-1711, 1888,-1406, -975,26737,10868,-5447, 3083,-1543,  474,  123, -398,  387, -292,  147,  128,    5,
   51,  217, -162,   24,  229, -687, 1205,-1706, 1875,-1379,-1025,26705,10943,-5459, 3080,-1535,  466,  129, -402,  389, -292,  146,  128,    5,
   51,  217, -161,   22,  232, -689, 1205,-1701, 1861,-1352,-1074,26673,11018,-5471, 3077,-1528,  459,  134, -405,  390, -292,  145,  129,    5,
   50,  217, -160,   20,  235, -691, 1204,-1696, 1847,-1326,-1123,26641,11093,-5483, 3074,-1520,  451,  140, -409,  391, -292,  144,  129,    5,
   50,  217, -159,   18,  237, -693, 1204,-1690, 1833,-1299,-1171,26608,11169,-5494, 3071,-1512,  443,  146, -412,  393, -292,  144,  130,    5,
   50,  217, -157,   15,  240, -695, 1204,-1685, 1820,-1272,-1219,26576,11244,-5506, 3067,-1504,  435,  152, -415,  394, -292,  143,  130,    5,
   49,  217, -156,   13,  243, -698, 1204,-1679, 1806,-1245,-1268,26542,11319,-5517, 3064,-1496,  427,  158, -419,  395, -292,  142,  131,    5,
   49,  217, -155,   11,  245, -700, 1203,-1674, 1792,-1219,-1315,26509,11394,-5528, 3060,-1488,  419,  164, -422,  397, -292,  141,  131,    5,
   49,  217, -154,    9,  248, -702, 1203,-1668, 1778,-1192,-1363,26475,11469,-5539, 3056,-1480,  411,  170, -426,  398, -292,  140,  132,    5,
   49,  217, -152,    7,  251, -704, 1202,-1663, 1764,-1165,-1411,26441,11545,-5550, 3052,-1472,  403,  176, -429,  399, -292,  139,  132,    5,
   48,  217, -151,    5,  253, -706, 1202,-1657, 1750,-1139,-1458,26407,11620,-5560, 3048,-1464,  395,  182, -433,  401, -292,  139,  133,    5,
   48,  217, -150,    3,  256, -708, 1201,-1651, 1736,-1112,-1505,26372,11695,-5570, 3044,-1456,  387,  188, -436,  402, -292,  138,  133,    5,
   48,  217, -149,    0,  259, -710, 1201,-1646, 1722,-1085,-1551,26337,11770,-5581, 3040,-1447,  379,  194, -439,  403, -292,  137,  134,    5,
   47,  217, -147,   -2,  261, -712, 1200,-1640, 1708,-1059,-1598,26301,11846,-5591, 3036,-1439,  371,  200, -443,  404, -292,  136,  134,    6,
   47,  217, -146,   -4,  264, -713, 1199,-1634, 1693,-1032,-1644,26266,11921,-5600, 3031,-1431,  363,  206, -446,  406, -292,  135,  135,    6,
   47,  216, -145,   -6,  266, -715, 1199,-1628, 1679,-1006,-1690,26230,11996,-5610, 3027,-1422,  354,  212, -450,  407, -291,  134,  135,    6,
   46,  216, -144,   -8,  269, -717, 1198,-1622, 1665, -979,-1736,26193,12072,-5619, 3022,-1413,  346,  218, -453,  408, -291,  133,  136,    6,
   46,  216, -142,  -10,  271, -719, 1197,-1616, 1651, -953,-1781,26157,12147,-5629, 3017,-1405,  338,  224, -456,  409, -291,  132,  136,    6,
   46,  216, -141,  -12,  274, -721, 1196,-1610, 1636, -926,-1826,26120,12222,-5638, 3012,-1396,  330,  230, -460,  410, -291,  131,  137,    6,
   45,  216, -140,  -14,  276, -722, 1195,-1604, 1622, -900,-1871,26083,12297,-5647, 3007,-1387,  321,  236, -463,  412, -291,  131,  137,    6,
   45,  216, -139,  -16,  279, -724, 1194,-1598, 1608, -874,-1916,26045,12373,-5655, 3002,-1378,  313,  242, -466,  413, -291,  130,  138,    6,
   45,  216, -137,  -18,  281, -726, 1193,-1592, 1593, -847,-1961,26007,12448,-5664, 2996,-1369,  305,  248, -470,  414, -290,  129,  138,    6,
   45,  216, -136,  -21,  284, -727, 1192,-1585, 1579, -821,-2005,25969,12523,-5672, 2991,-1360,  296,  254, -473,  415, -290,  128,  139,    6,
   44,  216, -135,  -23,  286, -729, 1191,-1579, 1564, -795,-2049,25930,12598,-5680, 2985,-1351,  288,  260, -476,  416, -290,  127,  139,    6,
   44,  216, -133,  -25,  288, -731, 1190,-1573, 1550, -768,-2093,25892,12674,-5688, 2979,-1342,  279,  266, -480,  417, -290,  126,  140,    6,
   44,  216, -132,  -27,  291, -732, 1189,-1566, 1535, -742,-2136,25853,12749,-5696, 2973,-1333,  271,  272, -483,  418, -289,  125,  140,    6,
   43,  215, -131,  -29,  293, -734, 1188,-1560, 1521, -716,-2180,25813,12824,-5703, 2967,-1323,  263,  278, -486,  419, -289,  124,  141,    7,
   43,  215, -130,  -31,  296, -735, 1186,-1553, 1506, -690,-2223,25773,12899,-5711, 2961,-1314,  254,  284, -489,  420, -289,  123,  141,    7,
   43,  215, -128,  -33,  298, -737, 1185,-1547, 1491, -664,-2265,25733,12974,-5718, 2955,-1305,  245,  290, -493,  421, -289,  122,  141,    7,
   42,  215, -127,  -35,  300, -738, 1184,-1540, 1477, -637,-2308,25693,13050,-5725, 2949,-1295,  237,  296, -496,  422, -288,  121,  142,    7,
   42,  215, -126,  -37,  302, -740, 1182,-1534, 1462, -611,-2350,25653,13125,-5731, 2942,-1286,  228,  302, -499,  424, -288,  120,  142,    7,
   42,  215, -124,  -39,  305, -741, 1181,-1527, 1447, -585,-2392,25612,13200,-5738, 2935,-1276,  220,  308, -502,  425, -288,  119,  143,    7,
   42,  215, -123,  -41,  307, -742, 1180,-1520, 1432, -559,-2434,25570,13275,-5744, 2929,-1266,  211,  314, -505,  426, -287,  118,  143,    7,
   41,  215, -122,  -43,  309, -744, 1178,-1514, 1418, -534,-2476,25529,13350,-5750, 2922,-1256,  202,  320, -508,  427, -287,  117,  144,    7,
   41,  214, -120,  -45,  312, -745, 1176,-1507, 1403, -508,-2517,25487,13425,-5756, 2915,-1247,  194,  326, -512,  427, -287,  116,  144,    7,
   41,  214, -119,  -47,  314, -746, 1175,-1500, 1388, -482,-2558,25445,13500,-5762, 2908,-1237,  185,  332, -515,  428, -286,  116,  145,    7,
   40,  214, -118,  -49,  316, -748, 1173,-1493, 1373, -456,-2599,25403,13575,-5768, 2900,-1227,  176,  338, -518,  429, -286,  115,  145,    7,
   40,  214, -117,  -51,  318, -749, 1172,-1486, 1358, -430,-2639,25360,13650,-5773, 2893,-1217,  168,  344, -521,  430, -286,  114,  146,    7,
   40,  214, -115,  -53,  320, -750, 1170,-1479, 1343, -404,-2680,25317,13725,-5778, 2885,-1207,  159,  350, -524,  431, -285,  113,  146,    8,
   40,  214, -114,  -55,  323, -751, 1168,-1472, 1329, -379,-2720,25274,13800,-5783, 2878,-1197,  150,  356, -527,  432, -285,  112,  147,    8,
   39,  213, -113,  -57,  325, -752, 1166,-1465, 1314, -353,-2760,25230,13875,-5788, 2870,-1186,  141,  362, -530,  433, -285,  111,  147,    8,
   39,  213, -111,  -59,  327, -753, 1165,-1458, 1299, -328,-2799,25186,13949,-5792, 2862,-1176,  132,  368, -533,  434, -284,  110,  148,    8,
   39,  213, -110,  -61,  329, -754, 1163,-1451, 1284, -302,-2838,25142,14024,-5796, 2854,-1166,  123,  374, -536,  435, -284,  109,  148,    8,
   38,  213, -109,  -63,  331, -755, 1161,-1444, 1269, -277,-2877,25098,14099,-5801, 2846,-1155,  115,  380, -540,  436, -283,  108,  149,    8,
   38,  213, -107,  -65,  333, -756, 1159,-1436, 1254, -251,-2916,25053,14173,-5804, 2838,-1145,  106,  386, -543,  436, -283,  107,  149,    8,
   38,  213, -106,  -67,  335, -757, 1157,-1429, 1239, -226,-2955,25008,14248,-5808, 2829,-1134,   97,  392, -546,  437, -282,  106,  150,    8,
   38,  212, -105,  -69,  337, -758, 1155,-1422, 1223, -200,-2993,24963,14323,-5812, 2821,-1124,   88,  398, -549,  438, -282,  105,  150,    8,
   37,  212, -103,  -71,  339, -759, 1153,-1414, 1208, -175,-3031,24917,14397,-5815, 2812,-1113,   79,  404, -552,  439, -282,  103,  151,    8,
   37,  212, -102,  -73,  341, -760, 1151,-1407, 1193, -150,-3069,24871,14472,-5818, 2803,-1102,   70,  410, -555,  440, -281,  102,  151,    8,
   37,  212, -101,  -75,  343, -761, 1148,-1400, 1178, -125,-3106,24825,14546,-5821, 2794,-1092,   61,  416, -557,  440, -281,  101,  152,    9,
   37,  212,  -99,  -77,  345, -762, 1146,-1392, 1163, -100,-3144,24779,14620,-5823, 2785,-1081,   52,  421, -560,  441, -280,  100,  152,    9,
   36,  211,  -98,  -79,  347, -763, 1144,-1385, 1148,  -75,-3181,24732,14695,-5826, 2776,-1070,   43,  427, -563,  442, -280,   99,  153,    9,
   36,  211,  -97,  -81,  349, -763, 1142,-1377, 1133,  -50,-3217,24685,14769,-5828, 2767,-1059,   34,  433, -566,  442, -279,   98,  153,    9,
   36,  211,  -95,  -82,  351, -764, 1139,-1370, 1118,  -25,-3254,24638,14843,-5830, 2758,-1048,   25,  439, -569,  443, -279,   97,  154,    9,
   36,  211,  -94,  -84,  353, -765, 1137,-1362, 1102,    0,-3290,24590,14917,-5832, 2748,-1037,   16,  445, -572,  444, -278,   96,  154,    9,
   35,  211,  -93,  -86,  355, -765, 1135,-1354, 1087,   25,-3326,24542,14991,-5833, 2738,-1026,    7,  451, -575,  444, -277,   95,  154,    9,
   35,  210,  -91,  -88,  357, -766, 1132,-1347, 1072,   50,-3362,24494,15066,-5835, 2729,-1014,   -3,  457, -578,  445, -277,   94,  155,    9,
   35,  210,  -90,  -90,  359, -767, 1130,-1339, 1057,   75,-3397,24446,15139,-5836, 2719,-1003,  -12,  463, -581,  446, -276,   93,  155,    9,
   35,  210,  -89,  -92,  361, -767, 1127,-1331, 1042,   99,-3433,24397,15213,-5837, 2709, -992,  -21,  469, -583,  446, -276,   92,  156,    9,
   34,  210,  -87,  -94,  363, -768, 1125,-1323, 1026,  124,-3468,24349,15287,-5837, 2698, -981,  -30,  475, -586,  447, -275,   91,  156,   10,
   34,  210,  -86,  -96,  364, -768, 1122,-1315, 1011,  148,-3502,24299,15361,-5838, 2688, -969,  -39,  481, -589,  448, -275,   90,  157,   10,
   34,  209,  -85,  -98,  366, -769, 1120,-1308,  996,  173,-3537,24250,15435,-5838, 2678, -958,  -48,  486, -592,  448, -274,   89,  157,   10,
   34,  209,  -83,  -99,  368, -769, 1117,-1300,  980,  197,-3571,24200,15508,-5838, 2667, -946,  -58,  492, -595,  449, -273,   88,  158,   10,
   33,  209,  -82, -101,  370, -770, 1114,-1292,  965,  222,-3605,24150,15582,-5838, 2657, -934,  -67,  498, -597,  449, -273,   87,  158,   10,
   33,  209,  -81, -103,  371, -770, 1112,-1284,  950,  246,-3639,24100,15655,-5837, 2646, -923,  -76,  504, -600,  450, -272,   85,  159,   10,
   33,  208,  -79, -105,  373, -771, 1109,-1276,  935,  270,-3672,24050,15729,-5837, 2635, -911,  -85,  510, -603,  450, -271,   84,  159,   10,
   33,  208,  -78, -107,  375, -771, 1106,-1268,  919,  294,-3705,23999,15802,-5836, 2624, -899,  -95,  516, -605,  451, -271,   83,  160,   10,
   32,  208,  -77, -109,  377, -771, 1103,-1260,  904,  318,-3738,23948,15875,-5835, 2613, -888, -104,  521, -608,  451, -270,   82,  160,   10,
   32,  208,  -75, -110,  378, -772, 1100,-1251,  889,  342,-3771,23897,15948,-5833, 2602, -876, -113,  527, -611,  452, -269,   81,  161,   11,
   32,  207,  -74, -112,  380, -772, 1097,-1243,  873,  366,-3803,23845,16021,-5832, 2590, -864, -122,  533, -613,  452, -269,   80,  161,   11,
   32,  207,  -73, -114,  382, -772, 1095,-1235,  858,  390,-3835,23793,16094,-5830, 2579, -852, -132,  539, -616,  453, -268,   79,  162,   11,
   31,  207,  -71, -116,  383, -772, 1092,-1227,  843,  414,-3867,23741,16167,-5828, 2567, -840, -141,  545, -619,  453, -267,   78,  162,   11,
   31,  207,  -70, -118,  385, -773, 1089,-1219,  827,  438,-3899,23689,16240,-5826, 2555, -828, -150,  550, -621,  453, -267,   77,  162,   11,
   31,  206,  -69, -119,  386, -773, 1086,-1210,  812,  461,-3930,23636,16313,-5823, 2543, -815, -160,  556, -624,  454, -266,   76,  163,   11,
   31,  206,  -67, -121,  388, -773, 1082,-1202,  797,  485,-3961,23584,16386,-5820, 2531, -803, -169,  562, -626,  454, -265,   74,  163,   11,
   30,  206,  -66, -123,  390, -773, 1079,-1194,  781,  508,-3992,23530,16458,-5818, 2519, -791, -179,  568, -629,  455, -264,   73,  164,   11,
   30,  206,  -65, -125,  391, -773, 1076,-1185,  766,  532,-4022,23477,16531,-5814, 2507, -779, -188,  573, -631,  455, -264,   72,  164,   11,
   30,  205,  -63, -126,  393, -773, 1073,-1177,  751,  555,-4053,23424,16603,-5811, 2495, -766, -197,  579, -634,  455, -263,   71,  165,   12,
   30,  205,  -62, -128,  394, -773, 1070,-1169,  735,  578,-4083,23370,16675,-5807, 2482, -754, -207,  585, -636,  456, -262,   70,  165,   12,
   29,  205,  -61, -130,  396, -773, 1066,-1160,  720,  602,-4113,23316,16747,-5804, 2469, -742, -216,  590, -639,  456, -261,   69,  166,   12,
   29,  204,  -59, -132,  397, -773, 1063,-1152,  705,  625,-4142,23261,16819,-5799, 2457, -729, -226,  596, -641,  456, -260,   68,  166,   12,
   29,  204,  -58, -133,  399, -773, 1060,-1143,  689,  648,-4171,23207,16891,-5795, 2444, -716, -235,  602, -644,  456, -260,   66,  167,   12,
   29,  204,  -57, -135,  400, -773, 1057,-1135,  674,  671,-4200,23152,16963,-5791, 2431, -704, -244,  607, -646,  457, -259,   65,  167,   12,
   29,  204,  -55, -137,  402, -773, 1053,-1126,  659,  694,-4229,23097,17035,-5786, 2418, -691, -254,  613, -649,  457, -258,   64,  168,   12,
   28,  203,  -54, -138,  403, -773, 1050,-1118,  643,  717,-4258,23042,17107,-5781, 2405, -678, -263,  619, -651,  457, -257,   63,  168,   12,
   28,  203,  -53, -140,  404, -773, 1046,-1109,  628,  739,-4286,22986,17178,-5776, 2391, -666, -273,  624, -653,  457, -256,   62,  168,   13,
   28,  203,  -51, -142,  406, -772, 1043,-1100,  613,  762,-4314,22930,17250,-5770, 2378, -653, -282,  630, -656,  457, -255,   61,  169,   13,
   28,  202,  -50, -144,  407, -772, 1039,-1092,  597,  785,-4342,22874,17321,-5764, 2364, -640, -292,  635, -658,  458, -255,   59,  169,   13,
   27,  202,  -49, -145,  408, -772, 1036,-1083,  582,  807,-4369,22818,17392,-5758, 2350, -627, -301,  641, -660,  458, -254,   58,  170,   13,
   27,  202,  -47, -147,  410, -772, 1032,-1074,  567,  830,-4396,22762,17463,-5752, 2337, -614, -311,  647, -662,  458, -253,   57,  170,   13,
   27,  202,  -46, -149,  411, -771, 1028,-1066,  552,  852,-4423,22705,17534,-5746, 2323, -601, -320,  652, -665,  458, -252,   56,  171,   13,
   27,  201,  -45, -150,  412, -771, 1025,-1057,  536,  874,-4450,22648,17605,-5739, 2309, -588, -330,  658, -667,  458, -251,   55,  171,   13,
   27,  201,  -43, -152,  414, -771, 1021,-1048,  521,  896,-4476,22591,17676,-5732, 2294, -575, -339,  663, -669,  458, -250,   54,  172,   13,
   26,  201,  -42, -153,  415, -770, 1017,-1039,  506,  918,-4502,22534,17746,-5725, 2280, -562, -349,  669, -671,  458, -249,   52,  172,   14,
   26,  200,  -41, -155,  416, -770, 1014,-1030,  491,  940,-4528,22476,17817,-5718, 2266, -549, -358,  674, -674,  458, -248,   51,  172,   14,
   26,  200,  -39, -157,  417, -769, 1010,-1022,  475,  962,-4554,22418,17887,-5710, 2251, -536, -368,  680, -676,  458, -247,   50,  173,   14,
   26,  200,  -38, -158,  418, -769, 1006,-1013,  460,  984,-4579,22360,17958,-5702, 2237, -522, -377,  685, -678,  458, -246,   49,  173,   14,
   25,  199,  -37, -160,  420, -768, 1002,-1004,  445, 1006,-4604,22302,18028,-5694, 2222, -509, -387,  691, -680,  458, -245,   48,  174,   14,
   25,  199,  -35, -161,  421, -768,  998, -995,  430, 1027,-4629,22243,18098,-5686, 2207, -496, -396,  696, -682,  458, -244,   46,  174,   14,
   25,  199,  -34, -163,  422, -767,  994, -986,  414, 1049,-4654,22185,18168,-5677, 2192, -482, -406,  701, -684,  458, -243,   45,  175,   14,
   25,  198,  -33, -165,  423, -767,  990, -977,  399, 1071,-4678,22126,18237,-5668, 2177, -469, -415,  707, -686,  458, -242,   44,  175,   15,
   25,  198,  -31, -166,  424, -766,  987, -968,  384, 1092,-4702,22066,18307,-5659, 2162, -455, -425,  712, -688,  458, -241,   43,  176,   15,
   24,  198,  -30, -168,  425, -766,  983, -959,  369, 1113,-4726,22007,18376,-5650, 2146, -442, -434,  717, -690,  458, -240,   42,  176,   15,
   24,  197,  -29, -169,  426, -765,  978, -950,  354, 1134,-4749,21947,18446,-5640, 2131, -428, -444,  723, -692,  458, -239,   40,  176,   15,
   24,  197,  -27, -171,  427, -764,  974, -941,  339, 1156,-4773,21888,18515,-5630, 2115, -415, -453,  728, -694,  458, -238,   39,  177,   15,
   24,  197,  -26, -172,  428, -764,  970, -932,  324, 1177,-4796,21828,18584,-5620, 2099, -401, -463,  733, -696,  458, -237,   38,  177,   15,
   24,  196,  -25, -174,  429, -763,  966, -923,  308, 1197,-4819,21767,18653,-5610, 2084, -387, -473,  739, -698,  457, -236,   37,  178,   15,
   23,  196,  -23, -175,  430, -762,  962, -914,  293, 1218,-4841,21707,18722,-5599, 2068, -373, -482,  744, -700,  457, -235,   35,  178,   16,
   23,  196,  -22, -177,  431, -761,  958, -905,  278, 1239,-4863,21646,18790,-5588, 2052, -360, -492,  749, -702,  457, -234,   34,  179,   16,
   23,  195,  -21, -178,  432, -760,  954, -895,  263, 1260,-4885,21585,18859,-5577, 2035, -346, -501,  754, -704,  457, -233,   33,  179,   16,
   23,  195,  -19, -180,  433, -760,  950, -886,  248, 1280,-4907,21524,18927,-5566, 2019, -332, -511,  760, -705,  457, -232,   32,  179,   16,
   23,  195,  -18, -181,  434, -759,  945, -877,  233, 1301,-4928,21463,18995,-5555, 2003, -318, -520,  765, -707,  456, -231,   31,  180,   16,
   22,  194,  -17, -183,  435, -758,  941, -868,  218, 1321,-4950,21401,19063,-5543, 1986, -304, -530,  770, -709,  456, -229,   29,  180,   16,
   22,  194,  -16, -184,  436, -757,  937, -859,  203, 1341,-4971,21340,19131,-5531, 1970, -290, -539,  775, -711,  456, -228,   28,  181,   16,
   22,  194,  -14, -186,  437, -756,  932, -850,  188, 1362,-4991,21278,19199,-5518, 1953, -276, -549,  780, -713,  456, -227,   27,  181,   17,
   22,  193,  -13, -187,  438, -755,  928, -840,  173, 1382,-5012,21216,19267,-5506, 1936, -262, -558,  785, -714,  455, -226,   26,  181,   17,
   22,  193,  -12, -189,  439, -754,  924, -831,  159, 1402,-5032,21153,19334,-5493, 1919, -248, -568,  790, -716,  455, -225,   24,  182,   17,
   22,  192,  -10, -190,  439, -753,  919, -822,  144, 1421,-5052,21091,19401,-5480, 1902, -234, -577,  795, -718,  455, -224,   23,  182,   17,
   21,  192,   -9, -191,  440, -752,  915, -813,  129, 1441,-5072,21028,19468,-5467, 1885, -220, -587,  801, -719,  454, -223,   22,  183,   17,
   21,  192,   -8, -193,  441, -751,  910, -803,  114, 1461,-5091,20965,19535,-5453, 1868, -206, -596,  806, -721,  454, -221,   21,  183,   17,
   21,  191,   -6, -194,  442, -750,  906, -794,   99, 1480,-5110,20902,19602,-5439, 1850, -191, -606,  811, -723,  453, -220,   19,  184,   18,
   21,  191,   -5, -196,  443, -749,  901, -785,   84, 1500,-5129,20839,19669,-5425, 1833, -177, -615,  816, -724,  453, -219,   18,  184,   18,
   21,  191,   -4, -197,  443, -747,  897, -775,   70, 1519,-5148,20775,19735,-5411, 1815, -163, -625,  820, -726,  453, -218,   17,  184,   18,
   20,  190,   -2, -198,  444, -746,  892, -766,   55, 1539,-5166,20712,19802,-5396, 1798, -149, -634,  825, -727,  452, -216,   15,  185,   18,
   20,  190,   -1, -200,  445, -745,  887, -757,   40, 1558,-5184,20648,19868,-5382, 1780, -134, -644,  830, -729,  452, -215,   14,  185,   18,
   20,  189,    0, -201,  445, -744,  883, -747,   25, 1577,-5202,20584,19934,-5367, 1762, -120, -653,  835, -730,  451, -214,   13,  186,   18,
   20,  189,    1, -202,  446, -743,  878, -738,   11, 1596,-5220,20520,20000,-5351, 1744, -106, -663,  840, -732,  451, -213,   12,  186,   19,
   20,  189,    3, -204,  447, -741,  873, -729,   -4, 1615,-5237,20455,20065,-5336, 1726,  -91, -672,  845, -733,  450, -211,   10,  186,   19,
   20,  188,    4, -205,  447, -740,  869, -719,  -18, 1633,-5254,20391,20131,-5320, 1707,  -77, -681,  850, -735,  450, -210,    9,  187,   19,
   19,  188,    5, -206,  448, -739,  864, -710,  -33, 1652,-5271,20326,20196,-5304, 1689,  -62, -691,  855, -736,  449, -209,    8,  187,   19,
   19,  188,    7, -208,  448, -737,  859, -700,  -48, 1671,-5287,20261,20261,-5287, 1671,  -48, -700,  859, -737,  448, -208,    7,  188,   19,
   19,  187,    8, -209,  449, -736,  855, -691,  -62, 1689,-5304,20196,20326,-5271, 1652,  -33, -710,  864, -739,  448, -206,    5,  188,   19,
   19,  187,    9, -210,  450, -735,  850, -681,  -77, 1707,-5320,20131,20391,-5254, 1633,  -18, -719,  869, -740,  447, -205,    4,  188,   20,
   19,  186,   10, -211,  450, -733,  845, -672,  -91, 1726,-5336,20065,20455,-5237, 1615,   -4, -729,  873, -741,  447, -204,    3,  189,   20,
   19,  186,   12, -213,  451, -732,  840, -663, -106, 1744,-5351,20000,20520,-5220, 1596,   11, -738,  878, -743,  446, -202,    1,  189,   20,
   18,  186,   13, -214,  451, -730,  835, -653, -120, 1762,-5367,19934,20584,-5202, 1577,   25, -747,  883, -744,  445, -201,    0,  189,   20,
   18,  185,   14, -215,  452, -729,  830, -644, -134, 1780,-5382,19868,20648,-5184, 1558,   40, -757,  887, -745,  445, -200,   -1,  190,   20,
   18,  185,   15, -216,  452, -727,  825, -634, -149, 1798,-5396,19802,20712,-5166, 1539,   55, -766,  892, -746,  444, -198,   -2,  190,   20,
   18,  184,   17, -218,  453, -726,  820, -625, -163, 1815,-5411,19735,20775,-5148, 1519,   70, -775,  897, -747,  443, -197,   -4,  191,   21,
   18,  184,   18, -219,  453, -724,  816, -615, -177, 1833,-5425,19669,20839,-5129, 1500,   84, -785,  901, -749,  443, -196,   -5,  191,   21,
   18,  184,   19, -220,  453, -723,  811, -606, -191, 1850,-5439,19602,20902,-5110, 1480,   99, -794,  906, -750,  442, -194,   -6,  191,   21,
   17,  183,   21, -221,  454, -721,  806, -596, -206, 1868,-5453,19535,20965,-5091, 1461,  114, -803,  910, -751,  441, -193,   -8,  192,   21,
   17,  183,   22, -223,  454, -719,  801, -587, -220, 1885,-5467,19468,21028,-5072, 1441,  129, -813,  915, -752,  440, -191,   -9,  192,   21,
   17,  182,   23, -224,  455, -718,  795, -577, -234, 1902,-5480,19401,21091,-5052, 1421,  144, -822,  919, -753,  439, -190,  -10,  192,   22,
   17,  182,   24, -225,  455, -716,  790, -568, -248, 1919,-5493,19334,21153,-5032, 1402,  159, -831,  924, -754,  439, -189,  -12,  193,   22,
   17,  181,   26, -226,  455, -714,  785, -558, -262, 1936,-5506,19267,21216,-5012, 1382,  173, -840,  928, -755,  438, -187,  -13,  193,   22,
   17,  181,   27, -227,  456, -713,  780, -549, -276, 1953,-5518,19199,21278,-4991, 1362,  188, -850,  932, -756,  437, -186,  -14,  194,   22,
   16,  181,   28, -228,  456, -711,  775, -539, -290, 1970,-5531,19131,21340,-4971, 1341,  203, -859,  937, -757,  436, -184,  -16,  194,   22,
   16,  180,   29, -229,  456, -709,  770, -530, -304, 1986,-5543,19063,21401,-4950, 1321,  218, -868,  941, -758,  435, -183,  -17,  194,   22,
   16,  180,   31, -231,  456, -707,  765, -520, -318, 2003,-5555,18995,21463,-4928, 1301,  233, -877,  945, -759,  434, -181,  -18,  195,   23,
   16,  179,   32, -232,  457, -705,  760, -511, -332, 2019,-5566,18927,21524,-4907, 1280,  248, -886,  950, -760,  433, -180,  -19,  195,   23,
   16,  179,   33, -233,  457, -704,  754, -501, -346, 2035,-5577,18859,21585,-4885, 1260,  263, -895,  954, -760,  432, -178,  -21,  195,   23,
   16,  179,   34, -234,  457, -702,  749, -492, -360, 2052,-5588,18790,21646,-4863, 1239,  278, -905,  958, -761,  431, -177,  -22,  196,   23,
   16,  178,   35, -235,  457, -700,  744, -482, -373, 2068,-5599,18722,21707,-4841, 1218,  293, -914,  962, -762,  430, -175,  -23,  196,   23,
   15,  178,   37, -236,  457, -698,  739, -473, -387, 2084,-5610,18653,21767,-4819, 1197,  308, -923,  966, -763,  429, -174,  -25,  196,   24,
   15,  177,   38, -237,  458, -696,  733, -463, -401, 2099,-5620,18584,21828,-4796, 1177,  324, -932,  970, -764,  428, -172,  -26,  197,   24,
   15,  177,   39, -238,  458, -694,  728, -453, -415, 2115,-5630,18515,21888,-4773, 1156,  339, -941,  974, -764,  427, -171,  -27,  197,   24,
   15,  176,   40, -239,  458, -692,  723, -444, -428, 2131,-5640,18446,21947,-4749, 1134,  354, -950,  978, -765,  426, -169,  -29,  197,   24,
   15,  176,   42, -240,  458, -690,  717, -434, -442, 2146,-5650,18376,22007,-4726, 1113,  369, -959,  983, -766,  425, -168,  -30,  198,   24,
   15,  176,   43, -241,  458, -688,  712, -425, -455, 2162,-5659,18307,22066,-4702, 1092,  384, -968,  987, -766,  424, -166,  -31,  198,   25,
   15,  175,   44, -242,  458, -686,  707, -415, -469, 2177,-5668,18237,22126,-4678, 1071,  399, -977,  990, -767,  423, -165,  -33,  198,   25,
   14,  175,   45, -243,  458, -684,  701, -406, -482, 2192,-5677,18168,22185,-4654, 1049,  414, -986,  994, -767,  422, -163,  -34,  199,   25,
   14,  174,   46, -244,  458, -682,  696, -396, -496, 2207,-5686,18098,22243,-4629, 1027,  430, -995,  998, -768,  421, -161,  -35,  199,   25,
   14,  174,   48, -245,  458, -680,  691, -387, -509, 2222,-5694,18028,22302,-4604, 1006,  445,-1004, 1002, -768,  420, -160,  -37,  199,   25,
   14,  173,   49, -246,  458, -678,  685, -377, -522, 2237,-5702,17958,22360,-4579,  984,  460,-1013, 1006, -769,  418, -158,  -38,  200,   26,
   14,  173,   50, -247,  458, -676,  680, -368, -536, 2251,-5710,17887,22418,-4554,  962,  475,-1022, 1010, -769,  417, -157,  -39,  200,   26,
   14,  172,   51, -248,  458, -674,  674, -358, -549, 2266,-5718,17817,22476,-4528,  940,  491,-1030, 1014, -770,  416, -155,  -41,  200,   26,
   14,  172,   52, -249,  458, -671,  669, -349, -562, 2280,-5725,17746,22534,-4502,  918,  506,-1039, 1017, -770,  415, -153,  -42,  201,   26,
   13,  172,   54, -250,  458, -669,  663, -339, -575, 2294,-5732,17676,22591,-4476,  896,  521,-1048, 1021, -771,  414, -152,  -43,  201,   27,
   13,  171,   55, -251,  458, -667,  658, -330, -588, 2309,-5739,17605,22648,-4450,  874,  536,-1057, 1025, -771,  412, -150,  -45,  201,   27,
   13,  171,   56, -252,  458, -665,  652, -320, -601, 2323,-5746,17534,22705,-4423,  852,  552,-1066, 1028, -771,  411, -149,  -46,  202,   27,
   13,  170,   57, -253,  458, -662,  647, -311, -614, 2337,-5752,17463,22762,-4396,  830,  567,-1074, 1032, -772,  410, -147,  -47,  202,   27,
   13,  170,   58, -254,  458, -660,  641, -301, -627, 2350,-5758,17392,22818,-4369,  807,  582,-1083, 1036, -772,  408, -145,  -49,  202,   27,
   13,  169,   59, -255,  458, -658,  635, -292, -640, 2364,-5764,17321,22874,-4342,  785,  597,-1092, 1039, -772,  407, -144,  -50,  202,   28,
   13,  169,   61, -255,  457, -656,  630, -282, -653, 2378,-5770,17250,22930,-4314,  762,  613,-1100, 1043, -772,  406, -142,  -51,  203,   28,
   13,  168,   62, -256,  457, -653,  624, -273, -666, 2391,-5776,17178,22986,-4286,  739,  628,-1109, 1046, -773,  404, -140,  -53,  203,   28,
   12,  168,   63, -257,  457, -651,  619, -263, -678, 2405,-5781,17107,23042,-4258,  717,  643,-1118, 1050, -773,  403, -138,  -54,  203,   28,
   12,  168,   64, -258,  457, -649,  613, -254, -691, 2418,-5786,17035,23097,-4229,  694,  659,-1126, 1053, -773,  402, -137,  -55,  204,   29,
   12,  167,   65, -259,  457, -646,  607, -244, -704, 2431,-5791,16963,23152,-4200,  671,  674,-1135, 1057, -773,  400, -135,  -57,  204,   29,
   12,  167,   66, -260,  456, -644,  602, -235, -716, 2444,-5795,16891,23207,-4171,  648,  689,-1143, 1060, -773,  399, -133,  -58,  204,   29,
   12,  166,   68, -260,  456, -641,  596, -226, -729, 2457,-5799,16819,23261,-4142,  625,  705,-1152, 1063, -773,  397, -132,  -59,  204,   29,
   12,  166,   69, -261,  456, -639,  590, -216, -742, 2469,-5804,16747,23316,-4113,  602,  720,-1160, 1066, -773,  396, -130,  -61,  205,   29,
   12,  165,   70, -262,  456, -636,  585, -207, -754, 2482,-5807,16675,23370,-4083,  578,  735,-1169, 1070, -773,  394, -128,  -62,  205,   30,
   12,  165,   71, -263,  455, -634,  579, -197, -766, 2495,-5811,16603,23424,-4053,  555,  751,-1177, 1073, -773,  393, -126,  -63,  205,   30,
   11,  164,   72, -264,  455, -631,  573, -188, -779, 2507,-5814,16531,23477,-4022,  532,  766,-1185, 1076, -773,  391, -125,  -65,  206,   30,
   11,  164,   73, -264,  455, -629,  568, -179, -791, 2519,-5818,16458,23530,-3992,  508,  781,-1194, 1079, -773,  390, -123,  -66,  206,   30,
   11,  163,   74, -265,  454, -626,  562, -169, -803, 2531,-5820,16386,23584,-3961,  485,  797,-1202, 1082, -773,  388, -121,  -67,  206,   31,
   11,  163,   76, -266,  454, -624,  556, -160, -815, 2543,-5823,16313,23636,-3930,  461,  812,-1210, 1086, -773,  386, -119,  -69,  206,   31,
   11,  162,   77, -267,  453, -621,  550, -150, -828, 2555,-5826,16240,23689,-3899,  438,  827,-1219, 1089, -773,  385, -118,  -70,  207,   31,
   11,  162,   78, -267,  453, -619,  545, -141, -840, 2567,-5828,16167,23741,-3867,  414,  843,-1227, 1092, -772,  383, -116,  -71,  207,   31,
   11,  162,   79, -268,  453, -616,  539, -132, -852, 2579,-5830,16094,23793,-3835,  390,  858,-1235, 1095, -772,  382, -114,  -73,  207,   32,
   11,  161,   80, -269,  452, -613,  533, -122, -864, 2590,-5832,16021,23845,-3803,  366,  873,-1243, 1097, -772,  380, -112,  -74,  207,   32,
   11,  161,   81, -269,  452, -611,  527, -113, -876, 2602,-5833,15948,23897,-3771,  342,  889,-1251, 1100, -772,  378, -110,  -75,  208,   32,
   10,  160,   82, -270,  451, -608,  521, -104, -888, 2613,-5835,15875,23948,-3738,  318,  904,-1260, 1103, -771,  377, -109,  -77,  208,   32,
   10,  160,   83, -271,  451, -605,  516,  -95, -899, 2624,-5836,15802,23999,-3705,  294,  919,-1268, 1106, -771,  375, -107,  -78,  208,   33,
   10,  159,   84, -271,  450, -603,  510,  -85, -911, 2635,-5837,15729,24050,-3672,  270,  935,-1276, 1109, -771,  373, -105,  -79,  208,   33,
   10,  159,   85, -272,  450, -600,  504,  -76, -923, 2646,-5837,15655,24100,-3639,  246,  950,-1284, 1112, -770,  371, -103,  -81,  209,   33,
   10,  158,   87, -273,  449, -597,  498,  -67, -934, 2657,-5838,15582,24150,-3605,  222,  965,-1292, 1114, -770,  370, -101,  -82,  209,   33,
   10,  158,   88, -273,  449, -595,  492,  -58, -946, 2667,-5838,15508,24200,-3571,  197,  980,-1300, 1117, -769,  368,  -99,  -83,  209,   34,
   10,  157,   89, -274,  448, -592,  486,  -48, -958, 2678,-5838,15435,24250,-3537,  173,  996,-1308, 1120, -769,  366,  -98,  -85,  209,   34,
   10,  157,   90, -275,  448, -589,  481,  -39, -969, 2688,-5838,15361,24299,-3502,  148, 1011,-1315, 1122, -768,  364,  -96,  -86,  210,   34,
   10,  156,   91, -275,  447, -586,  475,  -30, -981, 2698,-5837,15287,24349,-3468,  124, 1026,-1323, 1125, -768,  363,  -94,  -87,  210,   34,
    9,  156,   92, -276,  446, -583,  469,  -21, -992, 2709,-5837,15213,24397,-3433,   99, 1042,-1331, 1127, -767,  361,  -92,  -89,  210,   35,
    9,  155,   93, -276,  446, -581,  463,  -12,-1003, 2719,-5836,15139,24446,-3397,   75, 1057,-1339, 1130, -767,  359,  -90,  -90,  210,   35,
    9,  155,   94, -277,  445, -578,  457,   -3,-1014, 2729,-5835,15066,24494,-3362,   50, 1072,-1347, 1132, -766,  357,  -88,  -91,  210,   35,
    9,  154,   95, -277,  444, -575,  451,    7,-1026, 2738,-5833,14991,24542,-3326,   25, 1087,-1354, 1135, -765,  355,  -86,  -93,  211,   35,
    9,  154,   96, -278,  444, -572,  445,   16,-1037, 2748,-5832,14917,24590,-3290,    0, 1102,-1362, 1137, -765,  353,  -84,  -94,  211,   36,
    9,  154,   97, -279,  443, -569,  439,   25,-1048, 2758,-5830,14843,24638,-3254,  -25, 1118,-1370, 1139, -764,  351,  -82,  -95,  211,   36,
    9,  153,   98, -279,  442, -566,  433,   34,-1059, 2767,-5828,14769,24685,-3217,  -50, 1133,-1377, 1142, -763,  349,  -81,  -97,  211,   36,
    9,  153,   99, -280,  442, -563,  427,   43,-1070, 2776,-5826,14695,24732,-3181,  -75, 1148,-1385, 1144, -763,  347,  -79,  -98,  211,   36,
    9,  152,  100, -280,  441, -560,  421,   52,-1081, 2785,-5823,14620,24779,-3144, -100, 1163,-1392, 1146, -762,  345,  -77,  -99,  212,   37,
    9,  152,  101, -281,  440, -557,  416,   61,-1092, 2794,-5821,14546,24825,-3106, -125, 1178,-1400, 1148, -761,  343,  -75, -101,  212,   37,
    8,  151,  102, -281,  440, -555,  410,   70,-1102, 2803,-5818,14472,24871,-3069, -150, 1193,-1407, 1151, -760,  341,  -73, -102,  212,   37,
    8,  151,  103, -282,  439, -552,  404,   79,-1113, 2812,-5815,14397,24917,-3031, -175, 1208,-1414, 1153, -759,  339,  -71, -103,  212,   37,
    8,  150,  105, -282,  438, -549,  398,   88,-1124, 2821,-5812,14323,24963,-2993, -200, 1223,-1422, 1155, -758,  337,  -69, -105,  212,   38,
    8,  150,  106, -282,  437, -546,  392,   97,-1134, 2829,-5808,14248,25008,-2955, -226, 1239,-1429, 1157, -757,  335,  -67, -106,  213,   38,
    8,  149,  107, -283,  436, -543,  386,  106,-1145, 2838,-5804,14173,25053,-2916, -251, 1254,-1436, 1159, -756,  333,  -65, -107,  213,   38,
    8,  149,  108, -283,  436, -540,  380,  115,-1155, 2846,-5801,14099,25098,-2877, -277, 1269,-1444, 1161, -755,  331,  -63, -109,  213,   38,
    8,  148,  109, -284,  435, -536,  374,  123,-1166, 2854,-5796,14024,25142,-2838, -302, 1284,-1451, 1163, -754,  329,  -61, -110,  213,   39,
    8,  148,  110, -284,  434, -533,  368,  132,-1176, 2862,-5792,13949,25186,-2799, -328, 1299,-1458, 1165, -753,  327,  -59, -111,  213,   39,
    8,  147,  111, -285,  433, -530,  362,  141,-1186, 2870,-5788,13875,25230,-2760, -353, 1314,-1465, 1166, -752,  325,  -57, -113,  213,   39,
    8,  147,  112, -285,  432, -527,  356,  150,-1197, 2878,-5783,13800,25274,-2720, -379, 1329,-1472, 1168, -751,  323,  -55, -114,  214,   40,
    8,  146,  113, -285,  431, -524,  350,  159,-1207, 2885,-5778,13725,25317,-2680, -404, 1343,-1479, 1170, -750,  320,  -53, -115,  214,   40,
    7,  146,  114, -286,  430, -521,  344,  168,-1217, 2893,-5773,13650,25360,-2639, -430, 1358,-1486, 1172, -749,  318,  -51, -117,  214,   40,
    7,  145,  115, -286,  429, -518,  338,  176,-1227, 2900,-5768,13575,25403,-2599, -456, 1373,-1493, 1173, -748,  316,  -49, -118,  214,   40,
    7,  145,  116, -286,  428, -515,  332,  185,-1237, 2908,-5762,13500,25445,-2558, -482, 1388,-1500, 1175, -746,  314,  -47, -119,  214,   41,
    7,  144,  116, -287,  427, -512,  326,  194,-1247, 2915,-5756,13425,25487,-2517, -508, 1403,-1507, 1176, -745,  312,  -45, -120,  214,   41,
    7,  144,  117, -287,  427, -508,  320,  202,-1256, 2922,-5750,13350,25529,-2476, -534, 1418,-1514, 1178, -744,  309,  -43, -122,  215,   41,
    7,  143,  118, -287,  426, -505,  314,  211,-1266, 2929,-5744,13275,25570,-2434, -559, 1432,-1520, 1180, -742,  307,  -41, -123,  215,   42,
    7,  143,  119, -288,  425, -502,  308,  220,-1276, 2935,-5738,13200,25612,-2392, -585, 1447,-1527, 1181, -741,  305,  -39, -124,  215,   42,
    7,  142,  120, -288,  424, -499,  302,  228,-1286, 2942,-5731,13125,25653,-2350, -611, 1462,-1534, 1182, -740,  302,  -37, -126,  215,   42,
    7,  142,  121, -288,  422, -496,  296,  237,-1295, 2949,-5725,13050,25693,-2308, -637, 1477,-1540, 1184, -738,  300,  -35, -127,  215,   42,
    7,  141,  122, -289,  421, -493,  290,  245,-1305, 2955,-5718,12974,25733,-2265, -664, 1491,-1547, 1185, -737,  298,  -33, -128,  215,   43,
    7,  141,  123, -289,  420, -489,  284,  254,-1314, 2961,-5711,12899,25773,-2223, -690, 1506,-1553, 1186, -735,  296,  -31, -130,  215,   43,
    7,  141,  124, -289,  419, -486,  278,  263,-1323, 2967,-5703,12824,25813,-2180, -716, 1521,-1560, 1188, -734,  293,  -29, -131,  215,   43,
    6,  140,  125, -289,  418, -483,  272,  271,-1333, 2973,-5696,12749,25853,-2136, -742, 1535,-1566, 1189, -732,  291,  -27, -132,  216,   44,
    6,  140,  126, -290,  417, -480,  266,  279,-1342, 2979,-5688,12674,25892,-2093, -768, 1550,-1573, 1190, -731,  288,  -25, -133,  216,   44,
    6,  139,  127, -290,  416, -476,  260,  288,-1351, 2985,-5680,12598,25930,-2049, -795, 1564,-1579, 1191, -729,  286,  -23, -135,  216,   44,
    6,  139,  128, -290,  415, -473,  254,  296,-1360, 2991,-5672,12523,25969,-2005, -821, 1579,-1585, 1192, -727,  284,  -21, -136,  216,   45,
    6,  138,  129, -290,  414, -470,  248,  305,-1369, 2996,-5664,12448,26007,-1961, -847, 1593,-1592, 1193, -726,  281,  -18, -137,  216,   45,
    6,  138,  130, -291,  413, -466,  242,  313,-1378, 3002,-5655,12373,26045,-1916, -874, 1608,-1598, 1194, -724,  279,  -16, -139,  216,   45,
    6,  137,  131, -291,  412, -463,  236,  321,-1387, 3007,-5647,12297,26083,-1871, -900, 1622,-1604, 1195, -722,  276,  -14, -140,  216,   45,
    6,  137,  131, -291,  410, -460,  230,  330,-1396, 3012,-5638,12222,26120,-1826, -926, 1636,-1610, 1196, -721,  274,  -12, -141,  216,   46,
    6,  136,  132, -291,  409, -456,  224,  338,-1405, 3017,-5629,12147,26157,-1781, -953, 1651,-1616, 1197, -719,  271,  -10, -142,  216,   46,
    6,  136,  133, -291,  408, -453,  218,  346,-1413, 3022,-5619,12072,26193,-1736, -979, 1665,-1622, 1198, -717,  269,   -8, -144,  216,   46,
    6,  135,  134, -291,  407, -450,  212,  354,-1422, 3027,-5610,11996,26230,-1690,-1006, 1679,-1628, 1199, -715,  266,   -6, -145,  216,   47,
    6,  135,  135, -292,  406, -446,  206,  363,-1431, 3031,-5600,11921,26266,-1644,-1032, 1693,-1634, 1199, -713,  264,   -4, -146,  217,   47,
    6,  134,  136, -292,  404, -443,  200,  371,-1439, 3036,-5591,11846,26301,-1598,-1059, 1708,-1640, 1200, -712,  261,   -2, -147,  217,   47,
    5,  134,  137, -292,  403, -439,  194,  379,-1447, 3040,-5581,11770,26337,-1551,-1085, 1722,-1646, 1201, -710,  259,    0, -149,  217,   48,
    5,  133,  138, -292,  402, -436,  188,  387,-1456, 3044,-5570,11695,26372,-1505,-1112, 1736,-1651, 1201, -708,  256,    3, -150,  217,   48,
    5,  133,  139, -292,  401, -433,  182,  395,-1464, 3048,-5560,11620,26407,-1458,-1139, 1750,-1657, 1202, -706,  253,    5, -151,  217,   48,
    5,  132,  139, -292,  399, -429,  176,  403,-1472, 3052,-5550,11545,26441,-1411,-1165, 1764,-1663, 1202, -704,  251,    7, -152,  217,   49,
    5,  132,  140, -292,  398, -426,  170,  411,-1480, 3056,-5539,11469,26475,-1363,-1192, 1778,-1668, 1203, -702,  248,    9, -154,  217,   49,
    5,  131,  141, -292,  397, -422,  164,  419,-1488, 3060,-5528,11394,26509,-1315,-1219, 1792,-1674, 1203, -700,  245,   11, -155,  217,   49,
    5,  131,  142, -292,  395, -419,  158,  427,-1496, 3064,-5517,11319,26542,-1268,-1245, 1806,-1679, 1204, -698,  243,   13, -156,  217,   49,
    5,  130,  143, -292,  394, -415,  152,  435,-1504, 3067,-5506,11244,26576,-1219,-1272, 1820,-1685, 1204, -695,  240,   15, -157,  217,   50,
    5,  130,  144, -292,  393, -412,  146,  443,-1512, 3071,-5494,11169,26608,-1171,-1299, 1833,-1690, 1204, -693,  237,   18, -159,  217,   50,
    5,  129,  144, -292,  391, -409,  140,  451,-1520, 3074,-5483,11093,26641,-1123,-1326, 1847,-1696, 1204, -691,  235,   20, -160,  217,   50,
    5,  129,  145, -292,  390, -405,  134,  459,-1528, 3077,-5471,11018,26673,-1074,-1352, 1861,-1701, 1205, -689,  232,   22, -161,  217,   51,
    5,  128,  146, -292,  389, -402,  129,  466,-1535, 3080,-5459,10943,26705,-1025,-1379, 1875,-1706, 1205, -687,  229,   24, -162,  217,   51,
    5,  128,  147, -292,  387, -398,  123,  474,-1543, 3083,-5447,10868,26737, -975,-1406, 1888,-1711, 1205, -684,  227,   26, -164,  217,   51,
    5,  127,  148, -292,  386, -395,  117,  482,-1550, 3086,-5434,10793,26768, -926,-1433, 1902,-1716, 1205, -682,  224,   28, -165,  217,   52,
    5,  127,  149, -292,  384, -391,  111,  490,-1558, 3088,-5422,10718,26799, -876,-1460, 1916,-1721, 1205, -680,  221,   30, -166,  217,   52,
    4,  126,  149, -292,  383, -388,  105,  497,-1565, 3091,-5409,10643,26829, -826,-1486, 1929,-1726, 1205, -677,  218,   33, -167,  217,   52,
    4,  126,  150, -292,  382, -384,   99,  505,-1572, 3093,-5397,10568,26859, -776,-1513, 1942,-1731, 1205, -675,  215,   35, -168,  217,   53,
    4,  125,  151, -292,  380, -381,   93,  513,-1580, 3096,-5384,10493,26889, -725,-1540, 1956,-1736, 1205, -673,  213,   37, -170,  217,   53,
    4,  125,  152, -292,  379, -377,   87,  520,-1587, 3098,-5370,10418,26919, -675,-1567, 1969,-1741, 1205, -670,  210,   39, -171,  217,   53,
    4,  125,  153, -292,  377, -373,   81,  528,-1594, 3100,-5357,10343,26948, -624,-1594, 1983,-1746, 1204, -668,  207,   41, -172,  217,   54,
    4,  124,  153, -292,  376, -370,   75,  535,-1601, 3102,-5344,10268,26977, -573,-1621, 1996,-1751, 1204, -665,  204,   43, -173,  217,   54,
    4,  124,  154, -292,  374, -366,   70,  543,-1608, 3104,-5330,10193,27006, -521,-1647, 2009,-1755, 1204, -663,  201,   46, -174,  217,   54,
    4,  123,  155, -292,  373, -363,   64,  550,-1615, 3105,-5316,10119,27034, -470,-1674, 2022,-1760, 1203, -660,  198,   48, -176,  217,   55,
    4,  123,  156, -292,  371, -359,   58,  558,-1621, 3107,-5302,10044,27062, -418,-1701, 2035,-1764, 1203, -658,  196,   50, -177,  217,   55,
    4,  122,  156, -292,  370, -356,   52,  565,-1628, 3108,-5288, 9969,27090, -366,-1728, 2048,-1769, 1203, -655,  193,   52, -178,  217,   55,
    4,  122,  157, -292,  368, -352,   46,  572,-1635, 3109,-5274, 9894,27117, -314,-1755, 2061,-1773, 1202, -652,  190,   54, -179,  217,   56,
    4,  121,  158, -292,  367, -348,   40,  580,-1641, 3111,-5259, 9820,27144, -261,-1782, 2074,-1778, 1202, -650,  187,   57, -180,  217,   56,
    4,  121,  159, -291,  365, -345,   34,  587,-1648, 3112,-5245, 9745,27170, -209,-1809, 2087,-1782, 1201, -647,  184,   59, -182,  217,   56,
    4,  120,  159, -291,  364, -341,   29,  594,-1654, 3113,-5230, 9671,27197, -156,-1836, 2100,-1786, 1200, -644,  181,   61, -183,  217,   57,
    4,  120,  160, -291,  362, -338,   23,  601,-1660, 3114,-5215, 9596,27223, -103,-1862, 2113,-1790, 1200, -641,  178,   63, -184,  217,   57,
    4,  119,  161, -291,  360, -334,   17,  609,-1667, 3114,-5200, 9522,27248,  -49,-1889, 2126,-1795, 1199, -639,  175,   65, -185,  217,   58,
    4,  119,  162, -291,  359, -330,   11,  616,-1673, 3115,-5185, 9447,27273,    4,-1916, 2138,-1799, 1198, -636,  172,   68, -186,  217,   58,
    4,  118,  162, -291,  357, -327,    6,  623,-1679, 3115,-5169, 9373,27298,   58,-1943, 2151,-1803, 1197, -633,  169,   70, -187,  217,   58,
    3,  118,  163, -290,  356, -323,    0,  630,-1685, 3116,-5154, 9299,27323,  112,-1970, 2164,-1807, 1197, -630,  166,   72, -189,  217,   59,
    3,  117,  164, -290,  354, -320,   -6,  637,-1691, 3116,-5138, 9224,27347,  167,-1997, 2176,-1811, 1196, -627,  163,   74, -190,  217,   59,
    3,  117,  165, -290,  352, -316,  -12,  644,-1697, 3116,-5122, 9150,27371,  221,-2023, 2189,-1814, 1195, -624,  160,   76, -191,  217,   59,
    3,  116,  165, -290,  351, -312,  -17,  651,-1703, 3116,-5106, 9076,27395,  276,-2050, 2201,-1818, 1194, -621,  157,   79, -192,  216,   60,
    3,  116,  166, -290,  349, -309,  -23,  658,-1708, 3116,-5090, 9002,27418,  331,-2077, 2213,-1822, 1193, -618,  154,   81, -193,  216,   60,
    3,  115,  167, -289,  347, -305,  -29,  665,-1714, 3116,-5074, 8928,27441,  386,-2104, 2226,-1826, 1192, -615,  151,   83, -194,  216,   60,
    3,  115,  167, -289,  346, -301,  -35,  671,-1720, 3115,-5058, 8854,27463,  441,-2131, 2238,-1829, 1191, -612,  148,   85, -195,  216,   61,
    3,  114,  168, -289,  344, -298,  -40,  678,-1725, 3115,-5041, 8780,27486,  496,-2157, 2250,-1833, 1189, -609,  145,   87, -196,  216,   61,
    3,  114,  169, -289,  342, -294,  -46,  685,-1731, 3114,-5024, 8706,27507,  552,-2184, 2262,-1836, 1188, -606,  141,   90, -198,  216,   61,
    3,  113,  169, -288,  341, -290,  -52,  692,-1736, 3113,-5007, 8633,27529,  608,-2211, 2274,-1839, 1187, -603,  138,   92, -199,  216,   62,
    3,  113,  170, -288,  339, -287,  -57,  698,-1741, 3113,-4990, 8559,27550,  664,-2238, 2286,-1843, 1186, -600,  135,   94, -200,  216,   62,
    3,  113,  171, -288,  337, -283,  -63,  705,-1747, 3112,-4973, 8485,27571,  721,-2264, 2298,-1846, 1184, -597,  132,   96, -201,  216,   63,
    3,  112,  171, -287,  336, -279,  -69,  712,-1752, 3111,-4956, 8412,27592,  777,-2291, 2310,-1849, 1183, -594,  129,   98, -202,  216,   63,
    3,  112,  172, -287,  334, -276,  -74,  718,-1757, 3109,-4938, 8339,27612,  834,-2318, 2322,-1852, 1181, -590,  126,  101, -203,  215,   63,
    3,  111,  173, -287,  332, -272,  -80,  725,-1762, 3108,-4921, 8265,27631,  891,-2344, 2333,-1856, 1180, -587,  123,  103, -204,  215,   64,
    3,  111,  173, -286,  330, -268,  -85,  731,-1767, 3107,-4903, 8192,27651,  948,-2371, 2345,-1859, 1178, -584,  119,  105, -205,  215,   64,
    3,  110,  174, -286,  329, -265,  -91,  738,-1771, 3105,-4885, 8119,27670, 1006,-2397, 2357,-1862, 1177, -581,  116,  107, -206,  215,   64,
    3,  110,  175, -286,  327, -261,  -97,  744,-1776, 3104,-4867, 8045,27689, 1063,-2424, 2368,-1864, 1175, -577,  113,  110, -207,  215,   65,
    3,  109,  175, -285,  325, -257, -102,  751,-1781, 3102,-4849, 7972,27707, 1121,-2450, 2379,-1867, 1173, -574,  110,  112, -209,  215,   65,
    3,  109,  176, -285,  323, -254, -108,  757,-1786, 3100,-4831, 7899,27725, 1179,-2477, 2391,-1870, 1172, -570,  107,  114, -210,  215,   65,
    3,  108,  177, -285,  321, -250, -113,  763,-1790, 3098,-4812, 7827,27743, 1237,-2503, 2402,-1873, 1170, -567,  103,  116, -211,  215,   66,
    3,  108,  177, -284,  320, -246, -119,  769,-1795, 3096,-4794, 7754,27760, 1296,-2530, 2413,-1875, 1168, -564,  100,  118, -212,  214,   66,
    2,  107,  178, -284,  318, -243, -124,  776,-1799, 3094,-4775, 7681,27777, 1354,-2556, 2425,-1878, 1166, -560,   97,  121, -213,  214,   67,
    2,  107,  178, -283,  316, -239, -130,  782,-1803, 3091,-4756, 7608,27794, 1413,-2583, 2436,-1880, 1164, -557,   93,  123, -214,  214,   67,
    2,  106,  179, -283,  314, -235, -135,  788,-1807, 3089,-4738, 7536,27811, 1472,-2609, 2447,-1883, 1162, -553,   90,  125, -215,  214,   67,
    2,  106,  180, -283,  312, -231, -141,  794,-1812, 3086,-4718, 7463,27826, 1531,-2635, 2458,-1885, 1160, -550,   87,  127, -216,  214,   68,
    2,  105,  180, -282,  311, -228, -146,  800,-1816, 3084,-4699, 7391,27842, 1591,-2662, 2469,-1888, 1158, -546,   84,  129, -217,  214,   68,
    2,  105,  181, -282,  309, -224, -151,  806,-1820, 3081,-4680, 7319,27857, 1651,-2688, 2479,-1890, 1156, -542,   80,  132, -218,  213,   69,
    2,  105,  181, -281,  307, -220, -157,  812,-1824, 3078,-4661, 7246,27872, 1710,-2714, 2490,-1892, 1154, -539,   77,  134, -219,  213,   69,
    2,  104,  182, -281,  305, -217, -162,  818,-1828, 3075,-4641, 7174,27887, 1770,-2740, 2501,-1894, 1151, -535,   74,  136, -220,  213,   69,
    2,  104,  183, -280,  303, -213, -168,  824,-1831, 3072,-4621, 7102,27901, 1830,-2766, 2511,-1896, 1149, -531,   70,  138, -221,  213,   70,
    2,  103,  183, -280,  301, -209, -173,  830,-1835, 3069,-4602, 7030,27915, 1891,-2792, 2522,-1898, 1147, -528,   67,  141, -222,  213,   70,
    2,  103,  184, -280,  299, -206, -178,  836,-1839, 3065,-4582, 6959,27929, 1951,-2819, 2532,-1900, 1145, -524,   64,  143, -223,  212,   70,
    2,  102,  184, -279,  297, -202, -184,  841,-1842, 3062,-4562, 6887,27942, 2012,-2845, 2543,-1902, 1142, -520,   60,  145, -224,  212,   71,
    2,  102,  185, -279,  296, -198, -189,  847,-1846, 3058,-4541, 6815,27955, 2073,-2871, 2553,-1904, 1140, -516,   57,  147, -225,  212,   71,
    2,  101,  185, -278,  294, -194, -194,  853,-1849, 3055,-4521, 6744,27967, 2134,-2896, 2563,-1905, 1137, -513,   54,  149, -226,  212,   72,
    2,  101,  186, -278,  292, -191, -200,  858,-1852, 3051,-4501, 6672,27979, 2196,-2922, 2573,-1907, 1135, -509,   50,  152, -227,  212,   72,
    2,  100,  186, -277,  290, -187, -205,  864,-1856, 3047,-4480, 6601,27991, 2257,-2948, 2583,-1908, 1132, -505,   47,  154, -228,  211,   72,
    2,  100,  187, -277,  288, -183, -210,  870,-1859, 3043,-4460, 6530,28002, 2319,-2974, 2593,-1910, 1129, -501,   43,  156, -229,  211,   73,
    2,   99,  188, -276,  286, -180, -215,  875,-1862, 3039,-4439, 6459,28013, 2381,-3000, 2603,-1911, 1127, -497,   40,  158, -230,  211,   73,
    2,   99,  188, -275,  284, -176, -221,  881,-1865, 3035,-4418, 6388,28024, 2443,-3025, 2613,-1913, 1124, -493,   36,  160, -231,  211,   74,
    2,   99,  189, -275,  282, -172, -226,  886,-1868, 3031,-4397, 6317,28034, 2505,-3051, 2623,-1914, 1121, -489,   33,  163, -232,  210,   74,
    2,   98,  189, -274,  280, -168, -231,  891,-1871, 3026,-4376, 6246,28044, 2567,-3077, 2633,-1915, 1118, -485,   30,  165, -233,  210,   74,
    2,   98,  190, -274,  278, -165, -236,  897,-1874, 3022,-4355, 6176,28054, 2630,-3102, 2642,-1916, 1115, -481,   26,  167, -234,  210,   75,
    2,   97,  190, -273,  276, -161, -241,  902,-1876, 3017,-4333, 6105,28063, 2693,-3128, 2652,-1917, 1113, -477,   23,  169, -235,  210,   75,
    2,   97,  191, -273,  274, -157, -246,  907,-1879, 3012,-4312, 6035,28072, 2756,-3153, 2661,-1918, 1110, -473,   19,  171, -235,  209,   76,
    2,   96,  191, -272,  272, -154, -252,  912,-1882, 3008,-4291, 5965,28081, 2819,-3179, 2670,-1919, 1107, -469,   16,  173, -236,  209,   76,
    2,   96,  192, -271,  270, -150, -257,  918,-1884, 3003,-4269, 5895,28089, 2882,-3204, 2680,-1920, 1103, -465,   12,  176, -237,  209,   76,
    2,   95,  192, -271,  268, -146, -262,  923,-1887, 2998,-4247, 5825,28097, 2946,-3229, 2689,-1921, 1100, -461,    9,  178, -238,  208,   77,
    2,   95,  193, -270,  266, -143, -267,  928,-1889, 2992,-4225, 5755,28104, 3009,-3254, 2698,-1922, 1097, -457,    5,  180, -239,  208,   77,
    1,   94,  193, -270,  264, -139, -272,  933,-1891, 2987,-4203, 5685,28112, 3073,-3280, 2707,-1922, 1094, -452,    2,  182, -240,  208,   78,
    1,   94,  194, -269,  262, -135, -277,  938,-1893, 2982,-4181, 5615,28118, 3137,-3305, 2716,-1923, 1091, -448,   -2,  184, -241,  208,   78,
    1,   94,  194, -268,  260, -132, -282,  943,-1896, 2976,-4159, 5546,28125, 3201,-3330, 2725,-1923, 1087, -444,   -5,  187, -242,  207,   79,
    1,   93,  194, -268,  258, -128, -287,  948,-1898, 2971,-4137, 5476,28131, 3266,-3355, 2733,-1924, 1084, -440,   -9,  189, -243,  207,   79,
    1,   93,  195, -267,  256, -124, -292,  953,-1900, 2965,-4115, 5407,28137, 3330,-3380, 2742,-1924, 1081, -435,  -12,  191, -243,  207,   79,
    1,   92,  195, -266,  254, -121, -297,  957,-1901, 2959,-4092, 5338,28142, 3395,-3404, 2751,-1925, 1077, -431,  -16,  193, -244,  206,   80,
    1,   92,  196, -266,  252, -117, -302,  962,-1903, 2954,-4070, 5269,28147, 3460,-3429, 2759,-1925, 1074, -427,  -19,  195, -245,  206,   80,
    1,   91,  196, -265,  250, -113, -307,  967,-1905, 2948,-4047, 5200,28152, 3525,-3454, 2768,-1925, 1070, -422,  -23,  197, -246,  206,   81,
    1,   91,  197, -264,  248, -110, -312,  972,-1907, 2942,-4024, 5131,28156, 3590,-3479, 2776,-1925, 1067, -418,  -26,  199, -247,  205,   81,
    1,   90,  197, -264,  246, -106, -316,  976,-1908, 2935,-4002, 5063,28160, 3655,-3503, 2784,-1925, 1063, -414,  -30,  202, -248,  205,   81,
    1,   90,  198, -263,  244, -102, -321,  981,-1910, 2929,-3979, 4994,28163, 3721,-3528, 2792,-1925, 1059, -409,  -34,  204, -249,  205,   82,
    1,   90,  198, -262,  242,  -99, -326,  985,-1911, 2923,-3956, 4926,28167, 3786,-3552, 2800,-1925, 1056, -405,  -37,  206, -249,  204,   82,
    1,   89,  198, -262,  240,  -95, -331,  990,-1913, 2916,-3933, 4858,28170, 3852,-3576, 2808,-1925, 1052, -400,  -41,  208, -250,  204,   83,
    1,   89,  199, -261,  238,  -91, -336,  994,-1914, 2910,-3910, 4790,28172, 3918,-3601, 2816,-1924, 1048, -396,  -44,  210, -251,  204,   83,
    1,   88,  199, -260,  236,  -88, -340,  999,-1915, 2903,-3886, 4722,28174, 3984,-3625, 2824,-1924, 1044, -391,  -48,  212, -252,  203,   84,
    1,   88,  200, -259,  233,  -84, -345, 1003,-1916, 2897,-3863, 4654,28176, 4051,-3649, 2832,-1924, 1040, -387,  -51,  214, -253,  203,   84,
    1,   87,  200, -259,  231,  -80, -350, 1007,-1917, 2890,-3839, 4586,28177, 4117,-3673, 2839,-1923, 1036, -382,  -55,  217, -253,  203,   84,
    1,   87,  200, -258,  229,  -77, -355, 1012,-1918, 2883,-3816, 4519,28179, 4184,-3697, 2847,-1922, 1032, -378,  -59,  219, -254,  202,   85,
    1,   87,  201, -257,  227,  -73, -359, 1016,-1919, 2876,-3792, 4451,28179, 4250,-3721, 2854,-1922, 1028, -373,  -62,  221, -255,  202,   85,
   23,   86,  201, -257,  225,  -69, -364, 1020,-1920, 2869,-3769, 4384,28180, 4317,-3745, 2861,-1921, 1024, -369,  -66,  223, -256,  202,   86,
