// single phase coef Number:=24,    upsample factor:=320,     downsample factor:=147
24,320,147,0,
    12, -298,   11,    0,  -40,   92, -152,  216, -278,  333, -390,33118, -289,  286, -249,  197, -139,   83,  -34,   -4,   14, -300,   12,   17,
   12, -297,    8,    4,  -46,  100, -165,  235, -306,  380, -490,33117, -188,  238, -220,  178, -126,   74,  -28,   -8,   17, -301,   12,    1,
   12, -296,    5,    8,  -52,  109, -178,  254, -335,  428, -589,33115,  -86,  190, -191,  158, -113,   65,  -22,  -12,   20, -302,   11,    1,
   12, -294,    2,   12,  -58,  118, -190,  273, -364,  475, -687,33112,   16,  142, -161,  139, -100,   56,  -16,  -16,   23, -303,   11,    1,
   13, -293,   -1,   16,  -64,  126, -203,  291, -392,  521, -785,33107,  119,   93, -132,  120,  -87,   47,  -10,  -20,   26, -304,   11,    1,
   13, -292,   -4,   20,  -70,  135, -216,  310, -420,  568, -882,33102,  223,   45, -103,  101,  -74,   38,   -4,  -24,   29, -306,   11,    1,
   13, -291,   -7,   24,  -76,  144, -228,  329, -449,  614, -978,33095,  328,   -4,  -73,   81,  -61,   30,    2,  -28,   32, -307,   11,    1,
   13, -289,  -10,   28,  -81,  152, -241,  347, -477,  660,-1074,33087,  433,  -53,  -44,   62,  -48,   21,    8,  -32,   35, -308,   10,    1,
   13, -288,  -13,   32,  -87,  161, -253,  366, -505,  706,-1169,33079,  539, -102,  -14,   42,  -34,   12,   14,  -36,   38, -309,   10,    1,
   13, -287,  -17,   36,  -93,  169, -266,  384, -532,  752,-1263,33069,  646, -151,   16,   23,  -21,    3,   20,  -40,   41, -311,   10,    1,
   14, -285,  -20,   40,  -99,  178, -278,  402, -560,  797,-1357,33058,  753, -200,   46,    3,   -8,   -6,   26,  -44,   44, -312,   10,    1,
   14, -284,  -23,   44, -104,  186, -291,  420, -588,  842,-1450,33046,  861, -250,   76,  -17,    6,  -16,   32,  -49,   47, -313,    9,    1,
   14, -283,  -26,   48, -110,  194, -303,  439, -615,  887,-1542,33033,  969, -299,  106,  -36,   19,  -25,   38,  -53,   50, -314,    9,    1,
   14, -281,  -29,   52, -116,  203, -315,  457, -643,  931,-1633,33018, 1078, -349,  136,  -56,   32,  -34,   44,  -57,   53, -315,    9,    1,
   14, -280,  -32,   56, -121,  211, -327,  474, -670,  976,-1724,33003, 1188, -399,  166,  -76,   46,  -43,   51,  -61,   56, -316,    9,    1,
   14, -279,  -35,   59, -127,  219, -339,  492, -697, 1020,-1813,32987, 1298, -449,  196,  -96,   59,  -52,   57,  -65,   60, -318,    8,    1,
   14, -277,  -38,   63, -133,  227, -351,  510, -724, 1064,-1903,32969, 1409, -499,  226, -116,   73,  -61,   63,  -69,   63, -319,    8,    1,
   15, -276,  -41,   67, -138,  236, -363,  528, -750, 1108,-1991,32950, 1521, -550,  256, -136,   86,  -70,   69,  -73,   66, -320,    8,    1,
   15, -275,  -44,   71, -144,  244, -375,  545, -777, 1151,-2079,32931, 1633, -600,  287, -156,  100,  -79,   75,  -77,   69, -321,    8,    1,
   15, -273,  -47,   75, -149,  252, -387,  563, -803, 1194,-2166,32910, 1746, -651,  317, -176,  113,  -89,   82,  -82,   72, -322,    7,    1,
   15, -272,  -50,   78, -155,  260, -399,  580, -830, 1237,-2252,32888, 1859, -702,  348, -196,  127,  -98,   88,  -86,   75, -323,    7,    2,
   15, -271,  -53,   82, -160,  268, -411,  597, -856, 1279,-2337,32865, 1973, -753,  378, -216,  140, -107,   94,  -90,   78, -324,    7,    2,
   15, -269,  -56,   86, -166,  276, -422,  615, -882, 1322,-2422,32841, 2088, -803,  409, -236,  154, -116,  100,  -94,   81, -325,    7,    2,
   15, -268,  -59,   90, -171,  284, -434,  632, -908, 1364,-2506,32816, 2203, -855,  439, -256,  168, -126,  106,  -98,   84, -326,    6,    2,
   15, -267,  -62,   93, -176,  292, -445,  649, -933, 1405,-2589,32790, 2319, -906,  470, -276,  181, -135,  113, -102,   87, -328,    6,    2,
   15, -265,  -65,   97, -182,  299, -457,  665, -959, 1447,-2671,32762, 2435, -957,  501, -296,  195, -144,  119, -106,   90, -329,    6,    2,
   16, -264,  -68,  101, -187,  307, -468,  682, -984, 1488,-2753,32734, 2552,-1008,  532, -316,  208, -153,  125, -111,   93, -330,    5,    2,
   16, -262,  -71,  104, -192,  315, -479,  699,-1009, 1529,-2834,32705, 2669,-1060,  562, -337,  222, -163,  131, -115,   96, -331,    5,    2,
   16, -261,  -73,  108, -197,  323, -491,  715,-1035, 1569,-2914,32674, 2787,-1111,  593, -357,  236, -172,  138, -119,   99, -332,    5,    2,
   16, -260,  -76,  112, -203,  330, -502,  732,-1059, 1610,-2993,32643, 2906,-1163,  624, -377,  250, -181,  144, -123,  101, -333,    4,    2,
   16, -258,  -79,  115, -208,  338, -513,  748,-1084, 1650,-3072,32610, 3025,-1215,  655, -397,  263, -191,  150, -127,  104, -334,    4,    2,
   16, -257,  -82,  119, -213,  345, -524,  764,-1109, 1689,-3150,32576, 3145,-1267,  686, -418,  277, -200,  156, -131,  107, -335,    4,    2,
   16, -255,  -85,  122, -218,  353, -535,  780,-1133, 1729,-3227,32541, 3265,-1318,  717, -438,  291, -209,  163, -136,  110, -336,    3,    2,
   16, -254,  -88,  126, -223,  360, -546,  796,-1157, 1768,-3303,32506, 3386,-1370,  747, -458,  304, -219,  169, -140,  113, -337,    3,    2,
   16, -253,  -91,  129, -228,  367, -556,  812,-1181, 1806,-3379,32469, 3507,-1422,  778, -478,  318, -228,  175, -144,  116, -338,    3,    2,
   16, -251,  -94,  133, -233,  375, -567,  828,-1205, 1845,-3453,32431, 3629,-1474,  809, -499,  332, -237,  181, -148,  119, -339,    2,    2,
   16, -250,  -97,  136, -238,  382, -578,  844,-1228, 1883,-3527,32392, 3751,-1526,  840, -519,  346, -246,  188, -152,  122, -340,    2,    2,
   16, -248, -100,  140, -243,  389, -588,  859,-1252, 1921,-3600,32352, 3874,-1578,  871, -539,  359, -256,  194, -156,  125, -341,    2,    2,
   16, -247, -103,  143, -248,  396, -599,  874,-1275, 1958,-3673,32310, 3998,-1631,  902, -560,  373, -265,  200, -160,  128, -342,    1,    2,
   16, -246, -105,  147, -253,  403, -609,  890,-1298, 1995,-3744,32268, 4121,-1683,  933, -580,  387, -274,  206, -165,  131, -343,    1,    2,
   17, -244, -108,  150, -258,  410, -619,  905,-1321, 2032,-3815,32225, 4246,-1735,  964, -600,  400, -284,  213, -169,  134, -343,    1,    2,
   17, -243, -111,  153, -263,  417, -629,  920,-1344, 2069,-3885,32181, 4371,-1787,  995, -620,  414, -293,  219, -173,  136, -344,    0,    2,
   17, -241, -114,  157, -267,  424, -639,  935,-1366, 2105,-3955,32135, 4496,-1839, 1026, -641,  428, -302,  225, -177,  139, -345,    0,    2,
   17, -240, -117,  160, -272,  431, -649,  949,-1388, 2141,-4023,32089, 4622,-1892, 1057, -661,  442, -312,  231, -181,  142, -346,    0,    2,
   17, -239, -120,  163, -277,  438, -659,  964,-1410, 2176,-4091,32042, 4748,-1944, 1088, -681,  455, -321,  237, -185,  145, -347,   -1,    3,
   17, -237, -123,  167, -281,  445, -669,  979,-1432, 2212,-4157,31993, 4875,-1996, 1119, -701,  469, -330,  244, -189,  148, -348,   -1,    3,
   17, -236, -125,  170, -286,  451, -679,  993,-1454, 2246,-4224,31944, 5002,-2049, 1149, -721,  483, -339,  250, -193,  151, -349,   -2,    3,
   17, -234, -128,  173, -291,  458, -689, 1007,-1475, 2281,-4289,31893, 5130,-2101, 1180, -742,  496, -349,  256, -197,  153, -350,   -2,    3,
   17, -233, -131,  176, -295,  465, -698, 1021,-1497, 2315,-4353,31842, 5258,-2153, 1211, -762,  510, -358,  262, -201,  156, -350,   -2,    3,
   17, -231, -134,  179, -300,  471, -708, 1035,-1518, 2349,-4417,31789, 5387,-2205, 1242, -782,  523, -367,  268, -205,  159, -351,   -3,    3,
   17, -230, -136,  183, -304,  478, -717, 1049,-1539, 2382,-4480,31736, 5516,-2258, 1272, -802,  537, -376,  275, -209,  162, -352,   -3,    3,
   17, -229, -139,  186, -309,  484, -726, 1063,-1559, 2416,-4542,31681, 5646,-2310, 1303, -822,  551, -386,  281, -213,  165, -353,   -4,    3,
   17, -227, -142,  189, -313,  490, -736, 1076,-1580, 2448,-4603,31626, 5775,-2362, 1334, -842,  564, -395,  287, -217,  167, -354,   -4,    3,
   17, -226, -145,  192, -317,  497, -745, 1090,-1600, 2481,-4664,31569, 5906,-2414, 1364, -862,  578, -404,  293, -221,  170, -354,   -5,    3,
   17, -224, -147,  195, -322,  503, -754, 1103,-1620, 2513,-4723,31512, 6037,-2466, 1395, -882,  591, -413,  299, -225,  173, -355,   -5,    3,
   17, -223, -150,  198, -326,  509, -763, 1116,-1640, 2545,-4782,31453, 6168,-2518, 1425, -902,  605, -422,  305, -229,  176, -356,   -6,    3,
   17, -221, -153,  201, -330,  515, -771, 1129,-1659, 2576,-4840,31393, 6299,-2570, 1456, -922,  618, -431,  311, -233,  178, -357,   -6,    3,
   17, -220, -156,  204, -334,  521, -780, 1142,-1679, 2607,-4898,31333, 6431,-2622, 1486, -942,  632, -440,  317, -237,  181, -357,   -6,    3,
   17, -219, -158,  207, -338,  527, -789, 1155,-1698, 2638,-4954,31271, 6564,-2674, 1516, -962,  645, -449,  323, -241,  184, -358,   -7,    3,
   17, -217, -161,  210, -342,  533, -797, 1167,-1717, 2668,-5010,31209, 6696,-2726, 1547, -981,  658, -459,  329, -245,  186, -359,   -7,    3,
   17, -216, -164,  213, -347,  539, -806, 1179,-1736, 2698,-5065,31145, 6830,-2778, 1577,-1001,  672, -468,  335, -249,  189, -360,   -8,    3,
   17, -214, -166,  216, -351,  544, -814, 1192,-1754, 2727,-5119,31081, 6963,-2829, 1607,-1021,  685, -477,  341, -253,  192, -360,   -8,    3,
   17, -213, -169,  218, -354,  550, -822, 1204,-1772, 2756,-5172,31015, 7097,-2881, 1637,-1040,  698, -486,  347, -257,  194, -361,   -9,    3,
   17, -211, -171,  221, -358,  556, -830, 1216,-1791, 2785,-5224,30949, 7231,-2932, 1667,-1060,  711, -494,  353, -261,  197, -362,   -9,    3,
   17, -210, -174,  224, -362,  561, -838, 1228,-1808, 2814,-5276,30881, 7366,-2984, 1697,-1079,  725, -503,  359, -265,  199, -362,  -10,    4,
   17, -209, -177,  227, -366,  567, -846, 1239,-1826, 2842,-5327,30813, 7501,-3035, 1727,-1099,  738, -512,  365, -269,  202, -363,  -10,    4,
   17, -207, -179,  230, -370,  572, -854, 1251,-1843, 2869,-5377,30744, 7636,-3086, 1756,-1118,  751, -521,  371, -273,  205, -363,  -11,    4,
   17, -206, -182,  232, -374,  577, -862, 1262,-1860, 2897,-5426,30673, 7772,-3137, 1786,-1137,  764, -530,  377, -276,  207, -364,  -11,    4,
   17, -204, -184,  235, -377,  583, -870, 1273,-1877, 2924,-5475,30602, 7908,-3188, 1816,-1157,  777, -539,  383, -280,  210, -365,  -12,    4,
   17, -203, -187,  238, -381,  588, -877, 1284,-1894, 2950,-5522,30530, 8044,-3239, 1845,-1176,  790, -548,  389, -284,  212, -365,  -12,    4,
   17, -201, -189,  240, -385,  593, -884, 1295,-1911, 2976,-5569,30457, 8180,-3290, 1874,-1195,  803, -556,  395, -288,  215, -366,  -13,    4,
   17, -200, -192,  243, -388,  598, -892, 1306,-1927, 3002,-5615,30383, 8317,-3340, 1904,-1214,  816, -565,  400, -291,  217, -366,  -14,    4,
   17, -199, -194,  245, -392,  603, -899, 1317,-1943, 3028,-5660,30308, 8454,-3391, 1933,-1233,  829, -574,  406, -295,  220, -367,  -14,    4,
   17, -197, -197,  248, -395,  608, -906, 1327,-1959, 3053,-5705,30232, 8592,-3441, 1962,-1252,  841, -582,  412, -299,  222, -367,  -15,    4,
   17, -196, -199,  250, -399,  613, -913, 1337,-1974, 3077,-5748,30155, 8730,-3491, 1991,-1271,  854, -591,  418, -303,  224, -368,  -15,    4,
   17, -194, -202,  253, -402,  618, -920, 1348,-1989, 3101,-5791,30077, 8868,-3541, 2020,-1290,  867, -600,  423, -306,  227, -368,  -16,    4,
   17, -193, -204,  255, -405,  622, -927, 1358,-2004, 3125,-5833,29998, 9006,-3591, 2048,-1308,  879, -608,  429, -310,  229, -369,  -16,    4,
   17, -191, -207,  258, -409,  627, -934, 1367,-2019, 3149,-5874,29919, 9145,-3641, 2077,-1327,  892, -617,  435, -314,  232, -369,  -17,    4,
   17, -190, -209,  260, -412,  631, -940, 1377,-2034, 3172,-5915,29838, 9283,-3691, 2105,-1345,  904, -625,  440, -317,  234, -370,  -17,    4,
   17, -189, -212,  263, -415,  636, -947, 1387,-2048, 3195,-5954,29757, 9422,-3740, 2134,-1364,  917, -634,  446, -321,  236, -370,  -18,    4,
   17, -187, -214,  265, -418,  640, -953, 1396,-2062, 3217,-5993,29675, 9562,-3789, 2162,-1382,  929, -642,  451, -324,  239, -371,  -19,    5,
   17, -186, -216,  267, -421,  645, -959, 1405,-2076, 3239,-6031,29591, 9701,-3838, 2190,-1400,  942, -650,  457, -328,  241, -371,  -19,    5,
   17, -184, -219,  270, -424,  649, -965, 1414,-2090, 3260,-6068,29507, 9841,-3887, 2218,-1419,  954, -659,  462, -332,  243, -371,  -20,    5,
   17, -183, -221,  272, -427,  653, -971, 1423,-2103, 3282,-6105,29422, 9981,-3936, 2246,-1437,  966, -667,  468, -335,  246, -372,  -20,    5,
   17, -182, -223,  274, -430,  657, -977, 1432,-2116, 3302,-6140,29336,10121,-3984, 2273,-1455,  978, -675,  473, -339,  248, -372,  -21,    5,
   17, -180, -226,  276, -433,  661, -983, 1440,-2129, 3323,-6175,29250,10262,-4032, 2301,-1472,  990, -683,  479, -342,  250, -372,  -22,    5,
   17, -179, -228,  278, -436,  665, -989, 1449,-2142, 3343,-6209,29162,10402,-4081, 2328,-1490, 1002, -691,  484, -345,  252, -373,  -22,    5,
   16, -177, -230,  280, -439,  669, -994, 1457,-2154, 3362,-6243,29074,10543,-4128, 2355,-1508, 1014, -699,  490, -349,  255, -373,  -23,    5,
   16, -176, -233,  283, -442,  673,-1000, 1465,-2166, 3381,-6275,28984,10684,-4176, 2382,-1525, 1026, -707,  495, -352,  257, -373,  -24,    5,
   16, -175, -235,  285, -444,  677,-1005, 1473,-2178, 3400,-6307,28894,10825,-4223, 2409,-1543, 1038, -715,  500, -356,  259, -374,  -24,    5,
   16, -173, -237,  287, -447,  681,-1011, 1481,-2190, 3418,-6338,28803,10967,-4270, 2436,-1560, 1050, -723,  505, -359,  261, -374,  -25,    5,
   16, -172, -239,  289, -450,  684,-1016, 1488,-2201, 3436,-6368,28711,11108,-4317, 2462,-1577, 1061, -731,  511, -362,  263, -374,  -26,    5,
   16, -170, -242,  291, -452,  688,-1021, 1496,-2213, 3454,-6397,28619,11250,-4364, 2489,-1595, 1073, -739,  516, -366,  265, -374,  -26,    5,
   16, -169, -244,  293, -455,  691,-1026, 1503,-2223, 3471,-6425,28525,11392,-4411, 2515,-1612, 1084, -747,  521, -369,  267, -375,  -27,    5,
   16, -168, -246,  294, -457,  695,-1031, 1510,-2234, 3488,-6453,28431,11534,-4457, 2541,-1628, 1096, -755,  526, -372,  269, -375,  -28,    6,
   16, -166, -248,  296, -460,  698,-1035, 1517,-2245, 3504,-6480,28336,11676,-4503, 2567,-1645, 1107, -762,  531, -375,  271, -375,  -28,    6,
   16, -165, -250,  298, -462,  701,-1040, 1524,-2255, 3520,-6506,28240,11818,-4548, 2593,-1662, 1118, -770,  536, -379,  273, -375,  -29,    6,
   16, -164, -252,  300, -464,  704,-1044, 1530,-2265, 3536,-6532,28143,11960,-4594, 2618,-1678, 1130, -777,  541, -382,  275, -375,  -30,    6,
   16, -162, -254,  302, -467,  707,-1049, 1537,-2274, 3551,-6556,28046,12103,-4639, 2643,-1695, 1141, -785,  546, -385,  277, -375,  -30,    6,
   16, -161, -257,  304, -469,  710,-1053, 1543,-2284, 3566,-6580,27947,12245,-4684, 2669,-1711, 1152, -792,  551, -388,  279, -376,  -31,    6,
   16, -159, -259,  305, -471,  713,-1057, 1549,-2293, 3580,-6603,27848,12388,-4728, 2694,-1727, 1163, -800,  556, -391,  281, -376,  -32,    6,
   16, -158, -261,  307, -473,  716,-1061, 1555,-2302, 3594,-6626,27748,12531,-4773, 2718,-1743, 1173, -807,  561, -394,  283, -376,  -33,    6,
   16, -157, -263,  309, -475,  719,-1065, 1561,-2311, 3608,-6647,27647,12674,-4816, 2743,-1759, 1184, -814,  565, -397,  285, -376,  -33,    6,
   16, -155, -265,  310, -477,  722,-1069, 1566,-2319, 3621,-6668,27546,12817,-4860, 2767,-1775, 1195, -821,  570, -400,  287, -376,  -34,    6,
   16, -154, -267,  312, -479,  724,-1073, 1572,-2327, 3634,-6688,27444,12960,-4904, 2791,-1791, 1205, -829,  575, -403,  289, -376,  -35,    6,
   15, -153, -269,  313, -481,  727,-1076, 1577,-2335, 3646,-6707,27341,13103,-4947, 2815,-1806, 1216, -836,  579, -406,  290, -376,  -36,    6,
   15, -151, -271,  315, -483,  729,-1080, 1582,-2343, 3658,-6726,27237,13246,-4989, 2839,-1821, 1226, -843,  584, -409,  292, -376,  -36,    6,
   15, -150, -273,  316, -485,  732,-1083, 1587,-2350, 3670,-6743,27133,13389,-5032, 2863,-1837, 1236, -850,  589, -412,  294, -376,  -37,    6,
   15, -149, -275,  318, -487,  734,-1086, 1591,-2357, 3681,-6760,27027,13532,-5074, 2886,-1852, 1247, -856,  593, -415,  296, -376,  -38,    7,
   15, -147, -277,  319, -488,  736,-1090, 1596,-2364, 3692,-6777,26921,13675,-5116, 2909,-1867, 1257, -863,  598, -417,  297, -376,  -39,    7,
   15, -146, -279,  321, -490,  739,-1093, 1600,-2371, 3702,-6792,26815,13818,-5157, 2932,-1881, 1267, -870,  602, -420,  299, -376,  -39,    7,
   15, -145, -280,  322, -492,  741,-1095, 1605,-2377, 3712,-6807,26707,13962,-5198, 2954,-1896, 1277, -877,  606, -423,  301, -376,  -40,    7,
   15, -143, -282,  323, -493,  743,-1098, 1609,-2384, 3721,-6821,26599,14105,-5239, 2977,-1910, 1286, -883,  611, -426,  302, -376,  -41,    7,
   15, -142, -284,  325, -495,  745,-1101, 1613,-2389, 3731,-6834,26490,14248,-5279, 2999,-1925, 1296, -890,  615, -428,  304, -375,  -42,    7,
   15, -141, -286,  326, -496,  746,-1104, 1616,-2395, 3739,-6846,26381,14391,-5319, 3021,-1939, 1306, -896,  619, -431,  306, -375,  -43,    7,
   15, -139, -288,  327, -498,  748,-1106, 1620,-2401, 3748,-6858,26271,14535,-5359, 3043,-1953, 1315, -903,  623, -434,  307, -375,  -43,    7,
   15, -138, -290,  328, -499,  750,-1108, 1623,-2406, 3756,-6869,26160,14678,-5398, 3064,-1967, 1324, -909,  628, -436,  309, -375,  -44,    7,
   15, -137, -291,  329, -500,  752,-1111, 1627,-2411, 3763,-6879,26048,14821,-5437, 3086,-1981, 1334, -915,  632, -439,  310, -375,  -45,    7,
   15, -135, -293,  331, -501,  753,-1113, 1630,-2415, 3771,-6889,25936,14964,-5476, 3107,-1994, 1343, -921,  636, -441,  312, -375,  -46,    7,
   15, -134, -295,  332, -503,  755,-1115, 1633,-2420, 3777,-6898,25823,15107,-5514, 3127,-2007, 1352, -927,  640, -444,  313, -374,  -47,    7,
   14, -133, -297,  333, -504,  756,-1117, 1635,-2424, 3784,-6906,25709,15250,-5552, 3148,-2021, 1361, -933,  644, -446,  314, -374,  -47,    8,
   14, -132, -298,  334, -505,  757,-1118, 1638,-2428, 3790,-6913,25595,15393,-5589, 3168,-2034, 1370, -939,  647, -448,  316, -374,  -48,    8,
   14, -130, -300,  335, -506,  759,-1120, 1640,-2431, 3795,-6920,25480,15536,-5626, 3188,-2047, 1378, -945,  651, -451,  317, -374,  -49,    8,
   14, -129, -302,  336, -507,  760,-1122, 1643,-2435, 3801,-6926,25364,15679,-5663, 3208,-2059, 1387, -951,  655, -453,  319, -373,  -50,    8,
   14, -128, -303,  337, -508,  761,-1123, 1645,-2438, 3805,-6931,25248,15821,-5699, 3227,-2072, 1395, -957,  659, -455,  320, -373,  -51,    8,
   14, -126, -305,  337, -509,  762,-1124, 1647,-2441, 3810,-6935,25131,15964,-5735, 3247,-2084, 1404, -962,  662, -458,  321, -373,  -52,    8,
   14, -125, -307,  338, -510,  763,-1126, 1648,-2444, 3814,-6939,25014,16106,-5770, 3266,-2096, 1412, -968,  666, -460,  323, -372,  -53,    8,
   14, -124, -308,  339, -511,  764,-1127, 1650,-2446, 3818,-6942,24896,16249,-5805, 3284,-2108, 1420, -973,  670, -462,  324, -372,  -54,    8,
   14, -123, -310,  340, -511,  765,-1128, 1651,-2448, 3821,-6945,24777,16391,-5840, 3303,-2120, 1428, -979,  673, -464,  325, -372,  -54,    8,
   14, -121, -311,  341, -512,  765,-1129, 1653,-2450, 3824,-6946,24658,16533,-5874, 3321,-2132, 1436, -984,  677, -466,  326, -371,  -55,    8,
   14, -120, -313,  341, -513,  766,-1129, 1654,-2452, 3826,-6947,24538,16675,-5907, 3339,-2143, 1444, -989,  680, -468,  327, -371,  -56,    8,
   14, -119, -314,  342, -513,  767,-1130, 1655,-2453, 3828,-6948,24418,16817,-5941, 3356,-2155, 1451, -994,  683, -470,  328, -370,  -57,    8,
   13, -118, -316,  343, -514,  767,-1131, 1655,-2455, 3830,-6947,24297,16959,-5973, 3374,-2166, 1459, -999,  687, -472,  330, -370,  -58,    9,
   13, -116, -317,  343, -515,  768,-1131, 1656,-2455, 3831,-6946,24175,17101,-6006, 3391,-2177, 1466,-1004,  690, -474,  331, -369,  -59,    9,
   13, -115, -319,  344, -515,  768,-1131, 1656,-2456, 3832,-6944,24053,17242,-6038, 3407,-2187, 1474,-1009,  693, -476,  332, -369,  -60,    9,
   13, -114, -320,  345, -515,  768,-1131, 1657,-2457, 3833,-6942,23930,17383,-6069, 3424,-2198, 1481,-1014,  696, -478,  333, -368,  -61,    9,
   13, -113, -322,  345, -516,  769,-1132, 1657,-2457, 3833,-6939,23807,17524,-6100, 3440,-2208, 1488,-1019,  699, -480,  334, -368,  -62,    9,
   13, -112, -323,  346, -516,  769,-1132, 1657,-2457, 3833,-6935,23683,17665,-6130, 3456,-2219, 1495,-1023,  702, -482,  335, -367,  -63,    9,
   13, -110, -325,  346, -516,  769,-1131, 1656,-2457, 3832,-6931,23558,17806,-6160, 3472,-2229, 1501,-1028,  705, -483,  336, -367,  -64,    9,
   13, -109, -326,  347, -517,  769,-1131, 1656,-2456, 3831,-6925,23434,17946,-6190, 3487,-2238, 1508,-1032,  708, -485,  336, -366,  -65,    9,
   13, -108, -327,  347, -517,  769,-1131, 1655,-2455, 3830,-6920,23308,18086,-6219, 3502,-2248, 1514,-1037,  711, -487,  337, -366,  -66,    9,
   13, -107, -329,  347, -517,  769,-1130, 1655,-2454, 3828,-6913,23182,18226,-6247, 3517,-2257, 1521,-1041,  713, -488,  338, -365,  -67,    9,
   13, -106, -330,  348, -517,  768,-1130, 1654,-2453, 3826,-6906,23056,18366,-6275, 3531,-2266, 1527,-1045,  716, -490,  339, -364,  -68,    9,
   13, -104, -331,  348, -517,  768,-1129, 1653,-2452, 3824,-6898,22929,18506,-6303, 3545,-2275, 1533,-1049,  719, -491,  340, -364,  -69,   10,
   12, -103, -333,  348, -517,  768,-1128, 1652,-2450, 3821,-6890,22801,18645,-6330, 3559,-2284, 1539,-1053,  721, -493,  340, -363,  -70,   10,
   12, -102, -334,  348, -517,  767,-1128, 1650,-2448, 3818,-6881,22673,18784,-6356, 3572,-2293, 1545,-1057,  724, -494,  341, -362,  -71,   10,
   12, -101, -335,  349, -517,  767,-1127, 1649,-2446, 3814,-6871,22545,18923,-6382, 3585,-2301, 1550,-1061,  726, -496,  342, -362,  -72,   10,
   12, -100, -336,  349, -517,  766,-1126, 1647,-2443, 3810,-6861,22416,19062,-6407, 3598,-2309, 1556,-1065,  729, -497,  342, -361,  -73,   10,
   12,  -99, -338,  349, -516,  765,-1124, 1645,-2441, 3806,-6850,22287,19200,-6432, 3611,-2317, 1561,-1068,  731, -499,  343, -360,  -74,   10,
   12,  -97, -339,  349, -516,  765,-1123, 1643,-2438, 3801,-6838,22157,19338,-6457, 3623,-2325, 1567,-1072,  733, -500,  344, -359,  -75,   10,
   12,  -96, -340,  349, -516,  764,-1122, 1641,-2435, 3796,-6826,22026,19476,-6481, 3635,-2333, 1572,-1075,  735, -501,  344, -359,  -76,   10,
   12,  -95, -341,  349, -515,  763,-1120, 1639,-2431, 3791,-6813,21896,19613,-6504, 3646,-2340, 1577,-1079,  737, -502,  345, -358,  -77,   10,
   12,  -94, -342,  349, -515,  762,-1119, 1636,-2428, 3785,-6800,21765,19750,-6527, 3658,-2347, 1582,-1082,  739, -503,  345, -357,  -78,   10,
   12,  -93, -343,  349, -515,  761,-1117, 1634,-2424, 3779,-6786,21633,19887,-6549, 3668,-2354, 1586,-1085,  741, -504,  346, -356,  -79,   10,
   12,  -92, -344,  349, -514,  760,-1115, 1631,-2420, 3773,-6771,21501,20023,-6570, 3679,-2361, 1591,-1088,  743, -506,  346, -355,  -80,   11,
   11,  -91, -345,  349, -514,  759,-1113, 1628,-2416, 3766,-6756,21369,20159,-6592, 3689,-2367, 1595,-1091,  745, -507,  347, -354,  -81,   11,
   11,  -90, -347,  349, -513,  758,-1111, 1625,-2411, 3759,-6740,21236,20295,-6612, 3699,-2374, 1599,-1094,  747, -507,  347, -353,  -82,   11,
   11,  -88, -348,  349, -512,  756,-1109, 1622,-2407, 3751,-6723,21103,20431,-6632, 3709,-2380, 1604,-1097,  749, -508,  347, -352,  -83,   11,
   11,  -87, -349,  348, -512,  755,-1107, 1619,-2402, 3743,-6706,20969,20566,-6651, 3718,-2385, 1608,-1099,  750, -509,  348, -352,  -84,   11,
   11,  -86, -350,  348, -511,  753,-1104, 1615,-2396, 3735,-6689,20835,20701,-6670, 3727,-2391, 1611,-1102,  752, -510,  348, -351,  -85,   11,
   11,  -85, -351,  348, -510,  752,-1102, 1611,-2391, 3727,-6670,20701,20835,-6689, 3735,-2396, 1615,-1104,  753, -511,  348, -350,  -86,   11,
   11,  -84, -352,  348, -509,  750,-1099, 1608,-2385, 3718,-6651,20566,20969,-6706, 3743,-2402, 1619,-1107,  755, -512,  348, -349,  -87,   11,
   11,  -83, -352,  347, -508,  749,-1097, 1604,-2380, 3709,-6632,20431,21103,-6723, 3751,-2407, 1622,-1109,  756, -512,  349, -348,  -88,   11,
   11,  -82, -353,  347, -507,  747,-1094, 1599,-2374, 3699,-6612,20295,21236,-6740, 3759,-2411, 1625,-1111,  758, -513,  349, -347,  -90,   11,
   11,  -81, -354,  347, -507,  745,-1091, 1595,-2367, 3689,-6592,20159,21369,-6756, 3766,-2416, 1628,-1113,  759, -514,  349, -345,  -91,   11,
   11,  -80, -355,  346, -506,  743,-1088, 1591,-2361, 3679,-6570,20023,21501,-6771, 3773,-2420, 1631,-1115,  760, -514,  349, -344,  -92,   12,
   10,  -79, -356,  346, -504,  741,-1085, 1586,-2354, 3668,-6549,19887,21633,-6786, 3779,-2424, 1634,-1117,  761, -515,  349, -343,  -93,   12,
   10,  -78, -357,  345, -503,  739,-1082, 1582,-2347, 3658,-6527,19750,21765,-6800, 3785,-2428, 1636,-1119,  762, -515,  349, -342,  -94,   12,
   10,  -77, -358,  345, -502,  737,-1079, 1577,-2340, 3646,-6504,19613,21896,-6813, 3791,-2431, 1639,-1120,  763, -515,  349, -341,  -95,   12,
   10,  -76, -359,  344, -501,  735,-1075, 1572,-2333, 3635,-6481,19476,22026,-6826, 3796,-2435, 1641,-1122,  764, -516,  349, -340,  -96,   12,
   10,  -75, -359,  344, -500,  733,-1072, 1567,-2325, 3623,-6457,19338,22157,-6838, 3801,-2438, 1643,-1123,  765, -516,  349, -339,  -97,   12,
   10,  -74, -360,  343, -499,  731,-1068, 1561,-2317, 3611,-6432,19200,22287,-6850, 3806,-2441, 1645,-1124,  765, -516,  349, -338,  -99,   12,
   10,  -73, -361,  342, -497,  729,-1065, 1556,-2309, 3598,-6407,19062,22416,-6861, 3810,-2443, 1647,-1126,  766, -517,  349, -336, -100,   12,
   10,  -72, -362,  342, -496,  726,-1061, 1550,-2301, 3585,-6382,18923,22545,-6871, 3814,-2446, 1649,-1127,  767, -517,  349, -335, -101,   12,
   10,  -71, -362,  341, -494,  724,-1057, 1545,-2293, 3572,-6356,18784,22673,-6881, 3818,-2448, 1650,-1128,  767, -517,  348, -334, -102,   12,
   10,  -70, -363,  340, -493,  721,-1053, 1539,-2284, 3559,-6330,18645,22801,-6890, 3821,-2450, 1652,-1128,  768, -517,  348, -333, -103,   12,
   10,  -69, -364,  340, -491,  719,-1049, 1533,-2275, 3545,-6303,18506,22929,-6898, 3824,-2452, 1653,-1129,  768, -517,  348, -331, -104,   13,
    9,  -68, -364,  339, -490,  716,-1045, 1527,-2266, 3531,-6275,18366,23056,-6906, 3826,-2453, 1654,-1130,  768, -517,  348, -330, -106,   13,
    9,  -67, -365,  338, -488,  713,-1041, 1521,-2257, 3517,-6247,18226,23182,-6913, 3828,-2454, 1655,-1130,  769, -517,  347, -329, -107,   13,
    9,  -66, -366,  337, -487,  711,-1037, 1514,-2248, 3502,-6219,18086,23308,-6920, 3830,-2455, 1655,-1131,  769, -517,  347, -327, -108,   13,
    9,  -65, -366,  336, -485,  708,-1032, 1508,-2238, 3487,-6190,17946,23434,-6925, 3831,-2456, 1656,-1131,  769, -517,  347, -326, -109,   13,
    9,  -64, -367,  336, -483,  705,-1028, 1501,-2229, 3472,-6160,17806,23558,-6931, 3832,-2457, 1656,-1131,  769, -516,  346, -325, -110,   13,
    9,  -63, -367,  335, -482,  702,-1023, 1495,-2219, 3456,-6130,17665,23683,-6935, 3833,-2457, 1657,-1132,  769, -516,  346, -323, -112,   13,
    9,  -62, -368,  334, -480,  699,-1019, 1488,-2208, 3440,-6100,17524,23807,-6939, 3833,-2457, 1657,-1132,  769, -516,  345, -322, -113,   13,
    9,  -61, -368,  333, -478,  696,-1014, 1481,-2198, 3424,-6069,17383,23930,-6942, 3833,-2457, 1657,-1131,  768, -515,  345, -320, -114,   13,
    9,  -60, -369,  332, -476,  693,-1009, 1474,-2187, 3407,-6038,17242,24053,-6944, 3832,-2456, 1656,-1131,  768, -515,  344, -319, -115,   13,
    9,  -59, -369,  331, -474,  690,-1004, 1466,-2177, 3391,-6006,17101,24175,-6946, 3831,-2455, 1656,-1131,  768, -515,  343, -317, -116,   13,
    9,  -58, -370,  330, -472,  687, -999, 1459,-2166, 3374,-5973,16959,24297,-6947, 3830,-2455, 1655,-1131,  767, -514,  343, -316, -118,   13,
    8,  -57, -370,  328, -470,  683, -994, 1451,-2155, 3356,-5941,16817,24418,-6948, 3828,-2453, 1655,-1130,  767, -513,  342, -314, -119,   14,
    8,  -56, -371,  327, -468,  680, -989, 1444,-2143, 3339,-5907,16675,24538,-6947, 3826,-2452, 1654,-1129,  766, -513,  341, -313, -120,   14,
    8,  -55, -371,  326, -466,  677, -984, 1436,-2132, 3321,-5874,16533,24658,-6946, 3824,-2450, 1653,-1129,  765, -512,  341, -311, -121,   14,
    8,  -54, -372,  325, -464,  673, -979, 1428,-2120, 3303,-5840,16391,24777,-6945, 3821,-2448, 1651,-1128,  765, -511,  340, -310, -123,   14,
    8,  -54, -372,  324, -462,  670, -973, 1420,-2108, 3284,-5805,16249,24896,-6942, 3818,-2446, 1650,-1127,  764, -511,  339, -308, -124,   14,
    8,  -53, -372,  323, -460,  666, -968, 1412,-2096, 3266,-5770,16106,25014,-6939, 3814,-2444, 1648,-1126,  763, -510,  338, -307, -125,   14,
    8,  -52, -373,  321, -458,  662, -962, 1404,-2084, 3247,-5735,15964,25131,-6935, 3810,-2441, 1647,-1124,  762, -509,  337, -305, -126,   14,
    8,  -51, -373,  320, -455,  659, -957, 1395,-2072, 3227,-5699,15821,25248,-6931, 3805,-2438, 1645,-1123,  761, -508,  337, -303, -128,   14,
    8,  -50, -373,  319, -453,  655, -951, 1387,-2059, 3208,-5663,15679,25364,-6926, 3801,-2435, 1643,-1122,  760, -507,  336, -302, -129,   14,
    8,  -49, -374,  317, -451,  651, -945, 1378,-2047, 3188,-5626,15536,25480,-6920, 3795,-2431, 1640,-1120,  759, -506,  335, -300, -130,   14,
    8,  -48, -374,  316, -448,  647, -939, 1370,-2034, 3168,-5589,15393,25595,-6913, 3790,-2428, 1638,-1118,  757, -505,  334, -298, -132,   14,
    8,  -47, -374,  314, -446,  644, -933, 1361,-2021, 3148,-5552,15250,25709,-6906, 3784,-2424, 1635,-1117,  756, -504,  333, -297, -133,   14,
    7,  -47, -374,  313, -444,  640, -927, 1352,-2007, 3127,-5514,15107,25823,-6898, 3777,-2420, 1633,-1115,  755, -503,  332, -295, -134,   15,
    7,  -46, -375,  312, -441,  636, -921, 1343,-1994, 3107,-5476,14964,25936,-6889, 3771,-2415, 1630,-1113,  753, -501,  331, -293, -135,   15,
    7,  -45, -375,  310, -439,  632, -915, 1334,-1981, 3086,-5437,14821,26048,-6879, 3763,-2411, 1627,-1111,  752, -500,  329, -291, -137,   15,
    7,  -44, -375,  309, -436,  628, -909, 1324,-1967, 3064,-5398,14678,26160,-6869, 3756,-2406, 1623,-1108,  750, -499,  328, -290, -138,   15,
    7,  -43, -375,  307, -434,  623, -903, 1315,-1953, 3043,-5359,14535,26271,-6858, 3748,-2401, 1620,-1106,  748, -498,  327, -288, -139,   15,
    7,  -43, -375,  306, -431,  619, -896, 1306,-1939, 3021,-5319,14391,26381,-6846, 3739,-2395, 1616,-1104,  746, -496,  326, -286, -141,   15,
    7,  -42, -375,  304, -428,  615, -890, 1296,-1925, 2999,-5279,14248,26490,-6834, 3731,-2389, 1613,-1101,  745, -495,  325, -284, -142,   15,
    7,  -41, -376,  302, -426,  611, -883, 1286,-1910, 2977,-5239,14105,26599,-6821, 3721,-2384, 1609,-1098,  743, -493,  323, -282, -143,   15,
    7,  -40, -376,  301, -423,  606, -877, 1277,-1896, 2954,-5198,13962,26707,-6807, 3712,-2377, 1605,-1095,  741, -492,  322, -280, -145,   15,
    7,  -39, -376,  299, -420,  602, -870, 1267,-1881, 2932,-5157,13818,26815,-6792, 3702,-2371, 1600,-1093,  739, -490,  321, -279, -146,   15,
    7,  -39, -376,  297, -417,  598, -863, 1257,-1867, 2909,-5116,13675,26921,-6777, 3692,-2364, 1596,-1090,  736, -488,  319, -277, -147,   15,
    7,  -38, -376,  296, -415,  593, -856, 1247,-1852, 2886,-5074,13532,27027,-6760, 3681,-2357, 1591,-1086,  734, -487,  318, -275, -149,   15,
    6,  -37, -376,  294, -412,  589, -850, 1236,-1837, 2863,-5032,13389,27133,-6743, 3670,-2350, 1587,-1083,  732, -485,  316, -273, -150,   15,
    6,  -36, -376,  292, -409,  584, -843, 1226,-1821, 2839,-4989,13246,27237,-6726, 3658,-2343, 1582,-1080,  729, -483,  315, -271, -151,   15,
    6,  -36, -376,  290, -406,  579, -836, 1216,-1806, 2815,-4947,13103,27341,-6707, 3646,-2335, 1577,-1076,  727, -481,  313, -269, -153,   15,
    6,  -35, -376,  289, -403,  575, -829, 1205,-1791, 2791,-4904,12960,27444,-6688, 3634,-2327, 1572,-1073,  724, -479,  312, -267, -154,   16,
    6,  -34, -376,  287, -400,  570, -821, 1195,-1775, 2767,-4860,12817,27546,-6668, 3621,-2319, 1566,-1069,  722, -477,  310, -265, -155,   16,
    6,  -33, -376,  285, -397,  565, -814, 1184,-1759, 2743,-4816,12674,27647,-6647, 3608,-2311, 1561,-1065,  719, -475,  309, -263, -157,   16,
    6,  -33, -376,  283, -394,  561, -807, 1173,-1743, 2718,-4773,12531,27748,-6626, 3594,-2302, 1555,-1061,  716, -473,  307, -261, -158,   16,
    6,  -32, -376,  281, -391,  556, -800, 1163,-1727, 2694,-4728,12388,27848,-6603, 3580,-2293, 1549,-1057,  713, -471,  305, -259, -159,   16,
    6,  -31, -376,  279, -388,  551, -792, 1152,-1711, 2669,-4684,12245,27947,-6580, 3566,-2284, 1543,-1053,  710, -469,  304, -257, -161,   16,
    6,  -30, -375,  277, -385,  546, -785, 1141,-1695, 2643,-4639,12103,28046,-6556, 3551,-2274, 1537,-1049,  707, -467,  302, -254, -162,   16,
    6,  -30, -375,  275, -382,  541, -777, 1130,-1678, 2618,-4594,11960,28143,-6532, 3536,-2265, 1530,-1044,  704, -464,  300, -252, -164,   16,
    6,  -29, -375,  273, -379,  536, -770, 1118,-1662, 2593,-4548,11818,28240,-6506, 3520,-2255, 1524,-1040,  701, -462,  298, -250, -165,   16,
    6,  -28, -375,  271, -375,  531, -762, 1107,-1645, 2567,-4503,11676,28336,-6480, 3504,-2245, 1517,-1035,  698, -460,  296, -248, -166,   16,
    6,  -28, -375,  269, -372,  526, -755, 1096,-1628, 2541,-4457,11534,28431,-6453, 3488,-2234, 1510,-1031,  695, -457,  294, -246, -168,   16,
    5,  -27, -375,  267, -369,  521, -747, 1084,-1612, 2515,-4411,11392,28525,-6425, 3471,-2223, 1503,-1026,  691, -455,  293, -244, -169,   16,
    5,  -26, -374,  265, -366,  516, -739, 1073,-1595, 2489,-4364,11250,28619,-6397, 3454,-2213, 1496,-1021,  688, -452,  291, -242, -170,   16,
    5,  -26, -374,  263, -362,  511, -731, 1061,-1577, 2462,-4317,11108,28711,-6368, 3436,-2201, 1488,-1016,  684, -450,  289, -239, -172,   16,
    5,  -25, -374,  261, -359,  505, -723, 1050,-1560, 2436,-4270,10967,28803,-6338, 3418,-2190, 1481,-1011,  681, -447,  287, -237, -173,   16,
    5,  -24, -374,  259, -356,  500, -715, 1038,-1543, 2409,-4223,10825,28894,-6307, 3400,-2178, 1473,-1005,  677, -444,  285, -235, -175,   16,
    5,  -24, -373,  257, -352,  495, -707, 1026,-1525, 2382,-4176,10684,28984,-6275, 3381,-2166, 1465,-1000,  673, -442,  283, -233, -176,   16,
    5,  -23, -373,  255, -349,  490, -699, 1014,-1508, 2355,-4128,10543,29074,-6243, 3362,-2154, 1457, -994,  669, -439,  280, -230, -177,   16,
    5,  -22, -373,  252, -345,  484, -691, 1002,-1490, 2328,-4081,10402,29162,-6209, 3343,-2142, 1449, -989,  665, -436,  278, -228, -179,   17,
    5,  -22, -372,  250, -342,  479, -683,  990,-1472, 2301,-4032,10262,29250,-6175, 3323,-2129, 1440, -983,  661, -433,  276, -226, -180,   17,
    5,  -21, -372,  248, -339,  473, -675,  978,-1455, 2273,-3984,10121,29336,-6140, 3302,-2116, 1432, -977,  657, -430,  274, -223, -182,   17,
    5,  -20, -372,  246, -335,  468, -667,  966,-1437, 2246,-3936, 9981,29422,-6105, 3282,-2103, 1423, -971,  653, -427,  272, -221, -183,   17,
    5,  -20, -371,  243, -332,  462, -659,  954,-1419, 2218,-3887, 9841,29507,-6068, 3260,-2090, 1414, -965,  649, -424,  270, -219, -184,   17,
    5,  -19, -371,  241, -328,  457, -650,  942,-1400, 2190,-3838, 9701,29591,-6031, 3239,-2076, 1405, -959,  645, -421,  267, -216, -186,   17,
    5,  -19, -371,  239, -324,  451, -642,  929,-1382, 2162,-3789, 9562,29675,-5993, 3217,-2062, 1396, -953,  640, -418,  265, -214, -187,   17,
    4,  -18, -370,  236, -321,  446, -634,  917,-1364, 2134,-3740, 9422,29757,-5954, 3195,-2048, 1387, -947,  636, -415,  263, -212, -189,   17,
    4,  -17, -370,  234, -317,  440, -625,  904,-1345, 2105,-3691, 9283,29838,-5915, 3172,-2034, 1377, -940,  631, -412,  260, -209, -190,   17,
    4,  -17, -369,  232, -314,  435, -617,  892,-1327, 2077,-3641, 9145,29919,-5874, 3149,-2019, 1367, -934,  627, -409,  258, -207, -191,   17,
    4,  -16, -369,  229, -310,  429, -608,  879,-1308, 2048,-3591, 9006,29998,-5833, 3125,-2004, 1358, -927,  622, -405,  255, -204, -193,   17,
    4,  -16, -368,  227, -306,  423, -600,  867,-1290, 2020,-3541, 8868,30077,-5791, 3101,-1989, 1348, -920,  618, -402,  253, -202, -194,   17,
    4,  -15, -368,  224, -303,  418, -591,  854,-1271, 1991,-3491, 8730,30155,-5748, 3077,-1974, 1337, -913,  613, -399,  250, -199, -196,   17,
    4,  -15, -367,  222, -299,  412, -582,  841,-1252, 1962,-3441, 8592,30232,-5705, 3053,-1959, 1327, -906,  608, -395,  248, -197, -197,   17,
    4,  -14, -367,  220, -295,  406, -574,  829,-1233, 1933,-3391, 8454,30308,-5660, 3028,-1943, 1317, -899,  603, -392,  245, -194, -199,   17,
    4,  -14, -366,  217, -291,  400, -565,  816,-1214, 1904,-3340, 8317,30383,-5615, 3002,-1927, 1306, -892,  598, -388,  243, -192, -200,   17,
    4,  -13, -366,  215, -288,  395, -556,  803,-1195, 1874,-3290, 8180,30457,-5569, 2976,-1911, 1295, -884,  593, -385,  240, -189, -201,   17,
    4,  -12, -365,  212, -284,  389, -548,  790,-1176, 1845,-3239, 8044,30530,-5522, 2950,-1894, 1284, -877,  588, -381,  238, -187, -203,   17,
    4,  -12, -365,  210, -280,  383, -539,  777,-1157, 1816,-3188, 7908,30602,-5475, 2924,-1877, 1273, -870,  583, -377,  235, -184, -204,   17,
    4,  -11, -364,  207, -276,  377, -530,  764,-1137, 1786,-3137, 7772,30673,-5426, 2897,-1860, 1262, -862,  577, -374,  232, -182, -206,   17,
    4,  -11, -363,  205, -273,  371, -521,  751,-1118, 1756,-3086, 7636,30744,-5377, 2869,-1843, 1251, -854,  572, -370,  230, -179, -207,   17,
    4,  -10, -363,  202, -269,  365, -512,  738,-1099, 1727,-3035, 7501,30813,-5327, 2842,-1826, 1239, -846,  567, -366,  227, -177, -209,   17,
    4,  -10, -362,  199, -265,  359, -503,  725,-1079, 1697,-2984, 7366,30881,-5276, 2814,-1808, 1228, -838,  561, -362,  224, -174, -210,   17,
    3,   -9, -362,  197, -261,  353, -494,  711,-1060, 1667,-2932, 7231,30949,-5224, 2785,-1791, 1216, -830,  556, -358,  221, -171, -211,   17,
    3,   -9, -361,  194, -257,  347, -486,  698,-1040, 1637,-2881, 7097,31015,-5172, 2756,-1772, 1204, -822,  550, -354,  218, -169, -213,   17,
    3,   -8, -360,  192, -253,  341, -477,  685,-1021, 1607,-2829, 6963,31081,-5119, 2727,-1754, 1192, -814,  544, -351,  216, -166, -214,   17,
    3,   -8, -360,  189, -249,  335, -468,  672,-1001, 1577,-2778, 6830,31145,-5065, 2698,-1736, 1179, -806,  539, -347,  213, -164, -216,   17,
    3,   -7, -359,  186, -245,  329, -459,  658, -981, 1547,-2726, 6696,31209,-5010, 2668,-1717, 1167, -797,  533, -342,  210, -161, -217,   17,
    3,   -7, -358,  184, -241,  323, -449,  645, -962, 1516,-2674, 6564,31271,-4954, 2638,-1698, 1155, -789,  527, -338,  207, -158, -219,   17,
    3,   -6, -357,  181, -237,  317, -440,  632, -942, 1486,-2622, 6431,31333,-4898, 2607,-1679, 1142, -780,  521, -334,  204, -156, -220,   17,
    3,   -6, -357,  178, -233,  311, -431,  618, -922, 1456,-2570, 6299,31393,-4840, 2576,-1659, 1129, -771,  515, -330,  201, -153, -221,   17,
    3,   -6, -356,  176, -229,  305, -422,  605, -902, 1425,-2518, 6168,31453,-4782, 2545,-1640, 1116, -763,  509, -326,  198, -150, -223,   17,
    3,   -5, -355,  173, -225,  299, -413,  591, -882, 1395,-2466, 6037,31512,-4723, 2513,-1620, 1103, -754,  503, -322,  195, -147, -224,   17,
    3,   -5, -354,  170, -221,  293, -404,  578, -862, 1364,-2414, 5906,31569,-4664, 2481,-1600, 1090, -745,  497, -317,  192, -145, -226,   17,
    3,   -4, -354,  167, -217,  287, -395,  564, -842, 1334,-2362, 5775,31626,-4603, 2448,-1580, 1076, -736,  490, -313,  189, -142, -227,   17,
    3,   -4, -353,  165, -213,  281, -386,  551, -822, 1303,-2310, 5646,31681,-4542, 2416,-1559, 1063, -726,  484, -309,  186, -139, -229,   17,
    3,   -3, -352,  162, -209,  275, -376,  537, -802, 1272,-2258, 5516,31736,-4480, 2382,-1539, 1049, -717,  478, -304,  183, -136, -230,   17,
    3,   -3, -351,  159, -205,  268, -367,  523, -782, 1242,-2205, 5387,31789,-4417, 2349,-1518, 1035, -708,  471, -300,  179, -134, -231,   17,
    3,   -2, -350,  156, -201,  262, -358,  510, -762, 1211,-2153, 5258,31842,-4353, 2315,-1497, 1021, -698,  465, -295,  176, -131, -233,   17,
    3,   -2, -350,  153, -197,  256, -349,  496, -742, 1180,-2101, 5130,31893,-4289, 2281,-1475, 1007, -689,  458, -291,  173, -128, -234,   17,
    3,   -2, -349,  151, -193,  250, -339,  483, -721, 1149,-2049, 5002,31944,-4224, 2246,-1454,  993, -679,  451, -286,  170, -125, -236,   17,
    3,   -1, -348,  148, -189,  244, -330,  469, -701, 1119,-1996, 4875,31993,-4157, 2212,-1432,  979, -669,  445, -281,  167, -123, -237,   17,
    3,   -1, -347,  145, -185,  237, -321,  455, -681, 1088,-1944, 4748,32042,-4091, 2176,-1410,  964, -659,  438, -277,  163, -120, -239,   17,
    2,    0, -346,  142, -181,  231, -312,  442, -661, 1057,-1892, 4622,32089,-4023, 2141,-1388,  949, -649,  431, -272,  160, -117, -240,   17,
    2,    0, -345,  139, -177,  225, -302,  428, -641, 1026,-1839, 4496,32135,-3955, 2105,-1366,  935, -639,  424, -267,  157, -114, -241,   17,
    2,    0, -344,  136, -173,  219, -293,  414, -620,  995,-1787, 4371,32181,-3885, 2069,-1344,  920, -629,  417, -263,  153, -111, -243,   17,
    2,    1, -343,  134, -169,  213, -284,  400, -600,  964,-1735, 4246,32225,-3815, 2032,-1321,  905, -619,  410, -258,  150, -108, -244,   17,
    2,    1, -343,  131, -165,  206, -274,  387, -580,  933,-1683, 4121,32268,-3744, 1995,-1298,  890, -609,  403, -253,  147, -105, -246,   16,
    2,    1, -342,  128, -160,  200, -265,  373, -560,  902,-1631, 3998,32310,-3673, 1958,-1275,  874, -599,  396, -248,  143, -103, -247,   16,
    2,    2, -341,  125, -156,  194, -256,  359, -539,  871,-1578, 3874,32352,-3600, 1921,-1252,  859, -588,  389, -243,  140, -100, -248,   16,
    2,    2, -340,  122, -152,  188, -246,  346, -519,  840,-1526, 3751,32392,-3527, 1883,-1228,  844, -578,  382, -238,  136,  -97, -250,   16,
    2,    2, -339,  119, -148,  181, -237,  332, -499,  809,-1474, 3629,32431,-3453, 1845,-1205,  828, -567,  375, -233,  133,  -94, -251,   16,
    2,    3, -338,  116, -144,  175, -228,  318, -478,  778,-1422, 3507,32469,-3379, 1806,-1181,  812, -556,  367, -228,  129,  -91, -253,   16,
    2,    3, -337,  113, -140,  169, -219,  304, -458,  747,-1370, 3386,32506,-3303, 1768,-1157,  796, -546,  360, -223,  126,  -88, -254,   16,
    2,    3, -336,  110, -136,  163, -209,  291, -438,  717,-1318, 3265,32541,-3227, 1729,-1133,  780, -535,  353, -218,  122,  -85, -255,   16,
    2,    4, -335,  107, -131,  156, -200,  277, -418,  686,-1267, 3145,32576,-3150, 1689,-1109,  764, -524,  345, -213,  119,  -82, -257,   16,
    2,    4, -334,  104, -127,  150, -191,  263, -397,  655,-1215, 3025,32610,-3072, 1650,-1084,  748, -513,  338, -208,  115,  -79, -258,   16,
    2,    4, -333,  101, -123,  144, -181,  250, -377,  624,-1163, 2906,32643,-2993, 1610,-1059,  732, -502,  330, -203,  112,  -76, -260,   16,
    2,    5, -332,   99, -119,  138, -172,  236, -357,  593,-1111, 2787,32674,-2914, 1569,-1035,  715, -491,  323, -197,  108,  -73, -261,   16,
    2,    5, -331,   96, -115,  131, -163,  222, -337,  562,-1060, 2669,32705,-2834, 1529,-1009,  699, -479,  315, -192,  104,  -71, -262,   16,
    2,    5, -330,   93, -111,  125, -153,  208, -316,  532,-1008, 2552,32734,-2753, 1488, -984,  682, -468,  307, -187,  101,  -68, -264,   16,
    2,    6, -329,   90, -106,  119, -144,  195, -296,  501, -957, 2435,32762,-2671, 1447, -959,  665, -457,  299, -182,   97,  -65, -265,   15,
    2,    6, -328,   87, -102,  113, -135,  181, -276,  470, -906, 2319,32790,-2589, 1405, -933,  649, -445,  292, -176,   93,  -62, -267,   15,
    2,    6, -326,   84,  -98,  106, -126,  168, -256,  439, -855, 2203,32816,-2506, 1364, -908,  632, -434,  284, -171,   90,  -59, -268,   15,
    2,    7, -325,   81,  -94,  100, -116,  154, -236,  409, -803, 2088,32841,-2422, 1322, -882,  615, -422,  276, -166,   86,  -56, -269,   15,
    2,    7, -324,   78,  -90,   94, -107,  140, -216,  378, -753, 1973,32865,-2337, 1279, -856,  597, -411,  268, -160,   82,  -53, -271,   15,
    2,    7, -323,   75,  -86,   88,  -98,  127, -196,  348, -702, 1859,32888,-2252, 1237, -830,  580, -399,  260, -155,   78,  -50, -272,   15,
    1,    7, -322,   72,  -82,   82,  -89,  113, -176,  317, -651, 1746,32910,-2166, 1194, -803,  563, -387,  252, -149,   75,  -47, -273,   15,
    1,    8, -321,   69,  -77,   75,  -79,  100, -156,  287, -600, 1633,32931,-2079, 1151, -777,  545, -375,  244, -144,   71,  -44, -275,   15,
    1,    8, -320,   66,  -73,   69,  -70,   86, -136,  256, -550, 1521,32950,-1991, 1108, -750,  528, -363,  236, -138,   67,  -41, -276,   15,
    1,    8, -319,   63,  -69,   63,  -61,   73, -116,  226, -499, 1409,32969,-1903, 1064, -724,  510, -351,  227, -133,   63,  -38, -277,   14,
    1,    8, -318,   60,  -65,   57,  -52,   59,  -96,  196, -449, 1298,32987,-1813, 1020, -697,  492, -339,  219, -127,   59,  -35, -279,   14,
    1,    9, -316,   56,  -61,   51,  -43,   46,  -76,  166, -399, 1188,33003,-1724,  976, -670,  474, -327,  211, -121,   56,  -32, -280,   14,
    1,    9, -315,   53,  -57,   44,  -34,   32,  -56,  136, -349, 1078,33018,-1633,  931, -643,  457, -315,  203, -116,   52,  -29, -281,   14,
    1,    9, -314,   50,  -53,   38,  -25,   19,  -36,  106, -299,  969,33033,-1542,  887, -615,  439, -303,  194, -110,   48,  -26, -283,   14,
    1,    9, -313,   47,  -49,   32,  -16,    6,  -17,   76, -250,  861,33046,-1450,  842, -588,  420, -291,  186, -104,   44,  -23, -284,   14,
    1,   10, -312,   44,  -44,   26,   -6,   -8,    3,   46, -200,  753,33058,-1357,  797, -560,  402, -278,  178,  -99,   40,  -20, -285,   14,
    1,   10, -311,   41,  -40,   20,    3,  -21,   23,   16, -151,  646,33069,-1263,  752, -532,  384, -266,  169,  -93,   36,  -17, -287,   13,
    1,   10, -309,   38,  -36,   14,   12,  -34,   42,  -14, -102,  539,33079,-1169,  706, -505,  366, -253,  161,  -87,   32,  -13, -288,   13,
    1,   10, -308,   35,  -32,    8,   21,  -48,   62,  -44,  -53,  433,33087,-1074,  660, -477,  347, -241,  152,  -81,   28,  -10, -289,   13,
    1,   11, -307,   32,  -28,    2,   30,  -61,   81,  -73,   -4,  328,33095, -978,  614, -449,  329, -228,  144,  -76,   24,   -7, -291,   13,
    1,   11, -306,   29,  -24,   -4,   38,  -74,  101, -103,   45,  223,33102, -882,  568, -420,  310, -216,  135,  -70,   20,   -4, -292,   13,
    1,   11, -304,   26,  -20,  -10,   47,  -87,  120, -132,   93,  119,33107, -785,  521, -392,  291, -203,  126,  -64,   16,   -1, -293,   13,
    1,   11, -303,   23,  -16,  -16,   56, -100,  139, -161,  142,   16,33112, -687,  475, -364,  273, -190,  118,  -58,   12,    2, -294,   12,
    1,   11, -302,   20,  -12,  -22,   65, -113,  158, -191,  190,  -86,33115, -589,  428, -335,  254, -178,  109,  -52,    8,    5, -296,   12,
    1,   12, -301,   17,   -8,  -28,   74, -126,  178, -220,  238, -188,33117, -490,  380, -306,  235, -165,  100,  -46,    4,    8, -297,   12,
   17,   12, -300,   14,   -4,  -34,   83, -139,  197, -249,  286, -289,33118, -390,  333, -278,  216, -152,   92,  -40,    0,   11, -298,   12,
