//single phase coef Number:=24,    upsample factor:=441,     downsample factor:=320
24,441,320,0,
    31,  -79, -274,  346, -377,  102,  566,-1628, 2931,-4200, 5113,27279, 5177,-4220, 2933,-1623,  559,  107, -379,  347, -273,  -80,   31,   23,
   31,  -79, -274,  345, -374,   97,  572,-1632, 2928,-4180, 5048,27279, 5242,-4239, 2936,-1619,  553,  112, -382,  348, -273,  -81,   31,    1,
   31,  -78, -275,  344, -371,   92,  578,-1637, 2925,-4161, 4984,27278, 5307,-4259, 2938,-1614,  547,  117, -385,  349, -272,  -81,   31,    1,
   30,  -77, -275,  343, -368,   87,  584,-1641, 2922,-4141, 4920,27277, 5372,-4278, 2941,-1609,  540,  122, -388,  349, -271,  -82,   31,    1,
   30,  -76, -276,  342, -365,   82,  591,-1645, 2919,-4121, 4856,27276, 5437,-4297, 2943,-1604,  534,  127, -391,  350, -271,  -83,   31,    1,
   30,  -76, -276,  342, -363,   77,  597,-1649, 2916,-4101, 4792,27275, 5502,-4316, 2945,-1600,  528,  132, -393,  351, -270,  -83,   31,    1,
   30,  -75, -277,  341, -360,   71,  603,-1654, 2913,-4080, 4728,27273, 5567,-4335, 2947,-1595,  521,  137, -396,  352, -270,  -84,   31,    1,
   30,  -74, -277,  340, -357,   66,  609,-1658, 2909,-4060, 4664,27270, 5633,-4354, 2949,-1590,  515,  142, -399,  353, -269,  -85,   31,    1,
   30,  -74, -278,  339, -354,   61,  615,-1662, 2906,-4040, 4601,27268, 5698,-4373, 2951,-1585,  508,  148, -402,  353, -268,  -86,   31,    1,
   30,  -73, -278,  338, -351,   56,  621,-1666, 2902,-4019, 4537,27265, 5764,-4391, 2952,-1579,  502,  153, -404,  354, -268,  -86,   31,    1,
   30,  -72, -279,  337, -348,   51,  627,-1670, 2899,-3999, 4474,27262, 5830,-4410, 2954,-1574,  495,  158, -407,  355, -267,  -87,   31,    1,
   30,  -72, -279,  336, -345,   46,  633,-1673, 2895,-3978, 4411,27258, 5895,-4428, 2956,-1569,  488,  163, -410,  356, -267,  -88,   32,    1,
   30,  -71, -280,  335, -342,   41,  639,-1677, 2891,-3958, 4348,27254, 5961,-4447, 2957,-1564,  482,  168, -413,  356, -266,  -89,   32,    1,
   30,  -70, -280,  334, -340,   36,  644,-1681, 2887,-3937, 4285,27250, 6027,-4465, 2958,-1558,  475,  173, -415,  357, -265,  -89,   32,    1,
   30,  -70, -281,  333, -337,   32,  650,-1684, 2883,-3916, 4222,27245, 6093,-4483, 2960,-1553,  468,  178, -418,  358, -265,  -90,   32,    1,
   29,  -69, -281,  332, -334,   27,  656,-1688, 2879,-3895, 4160,27240, 6160,-4501, 2961,-1547,  462,  183, -421,  359, -264,  -91,   32,    1,
   29,  -68, -282,  331, -331,   22,  662,-1691, 2875,-3874, 4097,27235, 6226,-4519, 2962,-1542,  455,  189, -423,  359, -263,  -91,   32,    1,
   29,  -68, -282,  330, -328,   17,  667,-1695, 2871,-3853, 4035,27230, 6292,-4537, 2963,-1536,  448,  194, -426,  360, -263,  -92,   32,    1,
   29,  -67, -282,  329, -325,   12,  673,-1698, 2867,-3831, 3972,27224, 6359,-4554, 2963,-1530,  441,  199, -429,  361, -262,  -93,   32,    1,
   29,  -66, -283,  328, -322,    7,  679,-1701, 2862,-3810, 3910,27218, 6426,-4572, 2964,-1524,  435,  204, -431,  361, -261,  -94,   32,    1,
   29,  -66, -283,  327, -319,    2,  684,-1705, 2858,-3789, 3848,27211, 6492,-4589, 2965,-1519,  428,  209, -434,  362, -260,  -94,   32,    1,
   29,  -65, -284,  326, -316,   -3,  690,-1708, 2853,-3767, 3787,27204, 6559,-4607, 2965,-1513,  421,  214, -437,  362, -260,  -95,   32,    1,
   29,  -64, -284,  325, -313,   -8,  696,-1711, 2848,-3746, 3725,27197, 6626,-4624, 2966,-1507,  414,  219, -439,  363, -259,  -96,   32,    1,
   29,  -64, -284,  324, -310,  -13,  701,-1714, 2843,-3724, 3663,27190, 6693,-4641, 2966,-1501,  407,  225, -442,  364, -258,  -97,   32,    1,
   29,  -63, -285,  322, -307,  -18,  707,-1717, 2838,-3702, 3602,27182, 6760,-4658, 2966,-1495,  400,  230, -444,  364, -258,  -97,   32,    1,
   29,  -62, -285,  321, -304,  -23,  712,-1720, 2833,-3681, 3541,27174, 6827,-4675, 2966,-1488,  393,  235, -447,  365, -257,  -98,   32,    1,
   29,  -62, -286,  320, -302,  -27,  717,-1723, 2828,-3659, 3480,27165, 6895,-4692, 2966,-1482,  386,  240, -450,  365, -256,  -99,   33,    1,
   28,  -61, -286,  319, -299,  -32,  723,-1725, 2823,-3637, 3419,27157, 6962,-4708, 2966,-1476,  379,  245, -452,  366, -255, -100,   33,    1,
   28,  -60, -286,  318, -296,  -37,  728,-1728, 2818,-3615, 3358,27148, 7030,-4725, 2966,-1470,  372,  250, -455,  367, -255, -100,   33,    1,
   28,  -60, -287,  317, -293,  -42,  733,-1731, 2813,-3593, 3297,27138, 7097,-4741, 2966,-1463,  365,  256, -457,  367, -254, -101,   33,    1,
   28,  -59, -287,  316, -290,  -47,  739,-1733, 2807,-3571, 3237,27128, 7165,-4757, 2965,-1457,  358,  261, -460,  368, -253, -102,   33,    1,
   28,  -58, -287,  315, -287,  -52,  744,-1736, 2802,-3548, 3177,27118, 7233,-4773, 2965,-1450,  350,  266, -462,  368, -252, -103,   33,    1,
   28,  -58, -288,  313, -284,  -56,  749,-1738, 2796,-3526, 3116,27108, 7300,-4789, 2964,-1443,  343,  271, -465,  369, -252, -103,   33,    1,
   28,  -57, -288,  312, -281,  -61,  754,-1741, 2790,-3504, 3056,27097, 7368,-4805, 2963,-1437,  336,  276, -467,  369, -251, -104,   33,    2,
   28,  -56, -288,  311, -278,  -66,  760,-1743, 2784,-3481, 2997,27086, 7436,-4821, 2962,-1430,  329,  281, -470,  370, -250, -105,   33,    2,
   28,  -56, -289,  310, -275,  -71,  765,-1745, 2778,-3459, 2937,27075, 7504,-4836, 2961,-1423,  322,  287, -472,  370, -249, -106,   33,    2,
   28,  -55, -289,  309, -272,  -75,  770,-1747, 2773,-3436, 2877,27063, 7572,-4852, 2960,-1416,  314,  292, -475,  371, -248, -106,   33,    2,
   28,  -55, -289,  307, -269,  -80,  775,-1749, 2766,-3414, 2818,27051, 7641,-4867, 2959,-1409,  307,  297, -477,  371, -248, -107,   33,    2,
   27,  -54, -290,  306, -266,  -85,  780,-1751, 2760,-3391, 2759,27039, 7709,-4882, 2958,-1402,  300,  302, -480,  371, -247, -108,   33,    2,
   27,  -53, -290,  305, -263,  -90,  785,-1753, 2754,-3368, 2700,27027, 7777,-4897, 2956,-1395,  292,  307, -482,  372, -246, -109,   33,    2,
   27,  -53, -290,  304, -260,  -94,  790,-1755, 2748,-3345, 2641,27014, 7846,-4912, 2955,-1388,  285,  312, -485,  372, -245, -109,   33,    2,
   27,  -52, -290,  302, -257,  -99,  794,-1757, 2741,-3323, 2582,27000, 7914,-4927, 2953,-1381,  278,  318, -487,  373, -244, -110,   33,    2,
   27,  -51, -291,  301, -254, -104,  799,-1759, 2735,-3300, 2523,26987, 7983,-4942, 2951,-1374,  270,  323, -489,  373, -243, -111,   33,    2,
   27,  -51, -291,  300, -251, -108,  804,-1761, 2728,-3277, 2465,26973, 8052,-4956, 2950,-1367,  263,  328, -492,  373, -242, -112,   33,    2,
   27,  -50, -291,  299, -248, -113,  809,-1762, 2722,-3254, 2407,26959, 8120,-4971, 2948,-1359,  255,  333, -494,  374, -242, -112,   34,    2,
   27,  -50, -291,  297, -245, -118,  814,-1764, 2715,-3231, 2348,26944, 8189,-4985, 2946,-1352,  248,  338, -497,  374, -241, -113,   34,    2,
   27,  -49, -292,  296, -242, -122,  818,-1765, 2708,-3207, 2291,26929, 8258,-4999, 2943,-1344,  240,  343, -499,  374, -240, -114,   34,    2,
   27,  -48, -292,  295, -239, -127,  823,-1767, 2701,-3184, 2233,26914, 8327,-5013, 2941,-1337,  233,  349, -501,  375, -239, -115,   34,    2,
   26,  -48, -292,  294, -236, -132,  828,-1768, 2694,-3161, 2175,26899, 8396,-5027, 2939,-1329,  225,  354, -504,  375, -238, -115,   34,    2,
   26,  -47, -292,  292, -233, -136,  832,-1769, 2687,-3138, 2118,26883, 8465,-5040, 2936,-1321,  218,  359, -506,  375, -237, -116,   34,    2,
   26,  -47, -293,  291, -230, -141,  837,-1771, 2680,-3114, 2060,26867, 8534,-5054, 2934,-1314,  210,  364, -508,  376, -236, -117,   34,    2,
   26,  -46, -293,  290, -227, -145,  841,-1772, 2673,-3091, 2003,26850, 8603,-5067, 2931,-1306,  202,  369, -511,  376, -235, -118,   34,    2,
   26,  -45, -293,  288, -223, -150,  846,-1773, 2665,-3067, 1946,26834, 8672,-5081, 2928,-1298,  195,  374, -513,  376, -234, -119,   34,    2,
   26,  -45, -293,  287, -220, -154,  850,-1774, 2658,-3044, 1890,26817, 8742,-5094, 2925,-1290,  187,  379, -515,  376, -233, -119,   34,    2,
   26,  -44, -293,  286, -217, -159,  854,-1775, 2651,-3020, 1833,26799, 8811,-5107, 2922,-1282,  179,  385, -517,  377, -233, -120,   34,    2,
   26,  -44, -293,  284, -214, -164,  859,-1776, 2643,-2997, 1777,26782, 8880,-5119, 2919,-1274,  172,  390, -520,  377, -232, -121,   34,    2,
   26,  -43, -294,  283, -211, -168,  863,-1777, 2635,-2973, 1720,26764, 8950,-5132, 2916,-1266,  164,  395, -522,  377, -231, -122,   34,    2,
   26,  -42, -294,  282, -208, -172,  867,-1778, 2628,-2949, 1664,26745, 9019,-5145, 2912,-1258,  156,  400, -524,  377, -230, -122,   34,    2,
   26,  -42, -294,  280, -205, -177,  872,-1778, 2620,-2925, 1608,26727, 9089,-5157, 2909,-1250,  148,  405, -526,  378, -229, -123,   34,    2,
   25,  -41, -294,  279, -202, -181,  876,-1779, 2612,-2902, 1553,26708, 9159,-5169, 2905,-1241,  141,  410, -529,  378, -228, -124,   34,    2,
   25,  -41, -294,  277, -199, -186,  880,-1780, 2604,-2878, 1497,26688, 9228,-5181, 2901,-1233,  133,  415, -531,  378, -227, -125,   34,    2,
   25,  -40, -294,  276, -196, -190,  884,-1780, 2596,-2854, 1442,26669, 9298,-5193, 2898,-1225,  125,  420, -533,  378, -226, -126,   34,    2,
   25,  -39, -295,  275, -193, -195,  888,-1781, 2588,-2830, 1387,26649, 9368,-5205, 2894,-1216,  117,  425, -535,  378, -225, -126,   34,    2,
   25,  -39, -295,  273, -190, -199,  892,-1781, 2580,-2806, 1332,26629, 9437,-5216, 2890,-1208,  109,  430, -537,  378, -224, -127,   34,    2,
   25,  -38, -295,  272, -187, -203,  896,-1782, 2572,-2782, 1277,26608, 9507,-5228, 2885,-1199,  101,  436, -539,  378, -223, -128,   34,    2,
   25,  -38, -295,  270, -184, -208,  900,-1782, 2563,-2758, 1222,26587, 9577,-5239, 2881,-1191,   94,  441, -541,  379, -222, -129,   34,    2,
   25,  -37, -295,  269, -181, -212,  904,-1782, 2555,-2734, 1168,26566, 9647,-5250, 2877,-1182,   86,  446, -543,  379, -221, -129,   34,    2,
   25,  -37, -295,  267, -178, -217,  908,-1782, 2546,-2709, 1114,26545, 9717,-5261, 2872,-1173,   78,  451, -546,  379, -220, -130,   34,    2,
   25,  -36, -295,  266, -175, -221,  912,-1782, 2538,-2685, 1060,26523, 9787,-5272, 2868,-1164,   70,  456, -548,  379, -219, -131,   34,    2,
   24,  -35, -295,  265, -172, -225,  916,-1782, 2529,-2661, 1006,26501, 9857,-5283, 2863,-1155,   62,  461, -550,  379, -218, -132,   34,    2,
   24,  -35, -295,  263, -169, -229,  920,-1782, 2520,-2637,  952,26479, 9927,-5293, 2858,-1147,   54,  466, -552,  379, -217, -133,   34,    3,
   24,  -34, -295,  262, -166, -234,  923,-1782, 2512,-2613,  898,26456, 9997,-5304, 2853,-1138,   46,  471, -554,  379, -216, -133,   35,    3,
   24,  -34, -295,  260, -163, -238,  927,-1782, 2503,-2588,  845,26433,10067,-5314, 2848,-1129,   38,  476, -556,  379, -215, -134,   35,    3,
   24,  -33, -296,  259, -160, -242,  931,-1782, 2494,-2564,  792,26410,10137,-5324, 2843,-1119,   30,  481, -558,  379, -213, -135,   35,    3,
   24,  -33, -296,  257, -157, -246,  934,-1782, 2485,-2539,  739,26386,10208,-5334, 2838,-1110,   22,  486, -560,  379, -212, -136,   35,    3,
   24,  -32, -296,  256, -154, -251,  938,-1781, 2476,-2515,  686,26362,10278,-5343, 2832,-1101,   14,  491, -562,  379, -211, -137,   35,    3,
   24,  -32, -296,  254, -151, -255,  941,-1781, 2467,-2491,  634,26338,10348,-5353, 2827,-1092,    6,  496, -564,  379, -210, -137,   35,    3,
   24,  -31, -296,  253, -148, -259,  945,-1780, 2458,-2466,  581,26314,10418,-5362, 2821,-1083,   -2,  501, -566,  379, -209, -138,   35,    3,
   24,  -31, -296,  251, -145, -263,  948,-1780, 2448,-2442,  529,26289,10489,-5372, 2816,-1073,  -11,  506, -567,  379, -208, -139,   35,    3,
   23,  -30, -296,  250, -141, -267,  952,-1779, 2439,-2417,  477,26264,10559,-5381, 2810,-1064,  -19,  511, -569,  378, -207, -140,   35,    3,
   23,  -29, -296,  248, -138, -271,  955,-1779, 2430,-2393,  425,26238,10629,-5389, 2804,-1054,  -27,  516, -571,  378, -206, -141,   35,    3,
   23,  -29, -296,  247, -135, -276,  959,-1778, 2420,-2368,  374,26213,10700,-5398, 2798,-1045,  -35,  521, -573,  378, -205, -141,   35,    3,
   23,  -28, -296,  245, -132, -280,  962,-1777, 2411,-2343,  322,26187,10770,-5407, 2792,-1035,  -43,  526, -575,  378, -204, -142,   35,    3,
   23,  -28, -296,  244, -129, -284,  965,-1776, 2401,-2319,  271,26160,10840,-5415, 2785,-1025,  -51,  531, -577,  378, -202, -143,   35,    3,
   23,  -27, -296,  242, -126, -288,  968,-1775, 2392,-2294,  220,26134,10911,-5423, 2779,-1016,  -59,  536, -579,  378, -201, -144,   35,    3,
   23,  -27, -296,  241, -123, -292,  972,-1775, 2382,-2269,  169,26107,10981,-5431, 2772,-1006,  -68,  541, -580,  378, -200, -145,   35,    3,
   23,  -26, -296,  239, -120, -296,  975,-1774, 2372,-2245,  118,26080,11052,-5439, 2766, -996,  -76,  546, -582,  378, -199, -145,   35,    3,
   23,  -26, -296,  237, -117, -300,  978,-1772, 2362,-2220,   68,26052,11122,-5447, 2759, -986,  -84,  551, -584,  377, -198, -146,   35,    3,
   23,  -25, -296,  236, -114, -304,  981,-1771, 2352,-2195,   18,26024,11192,-5454, 2752, -976,  -92,  555, -586,  377, -197, -147,   35,    3,
   23,  -25, -296,  234, -111, -308,  984,-1770, 2342,-2171,  -32,25996,11263,-5462, 2745, -966, -101,  560, -588,  377, -195, -148,   35,    3,
   22,  -24, -296,  233, -108, -312,  987,-1769, 2332,-2146,  -82,25968,11333,-5469, 2738, -956, -109,  565, -589,  377, -194, -149,   35,    3,
   22,  -24, -296,  231, -105, -316,  990,-1768, 2322,-2121, -132,25939,11404,-5476, 2731, -946, -117,  570, -591,  376, -193, -149,   35,    3,
   22,  -23, -295,  230, -102, -320,  993,-1766, 2312,-2096, -181,25910,11474,-5483, 2724, -936, -125,  575, -593,  376, -192, -150,   35,    3,
   22,  -23, -295,  228,  -99, -323,  996,-1765, 2302,-2072, -230,25881,11545,-5489, 2716, -926, -134,  580, -594,  376, -191, -151,   35,    3,
   22,  -22, -295,  226,  -96, -327,  998,-1763, 2291,-2047, -280,25851,11615,-5496, 2709, -916, -142,  585, -596,  376, -190, -152,   35,    3,
   22,  -22, -295,  225,  -93, -331, 1001,-1762, 2281,-2022, -328,25821,11686,-5502, 2701, -906, -150,  589, -598,  375, -188, -153,   35,    3,
   22,  -21, -295,  223,  -90, -335, 1004,-1760, 2271,-1997, -377,25791,11756,-5508, 2693, -895, -159,  594, -599,  375, -187, -153,   35,    3,
   22,  -21, -295,  222,  -87, -339, 1007,-1758, 2260,-1972, -425,25761,11827,-5514, 2685, -885, -167,  599, -601,  375, -186, -154,   35,    3,
   22,  -20, -295,  220,  -84, -343, 1009,-1757, 2250,-1947, -474,25730,11897,-5520, 2678, -874, -175,  604, -602,  374, -185, -155,   35,    3,
   22,  -20, -295,  218,  -81, -346, 1012,-1755, 2239,-1922, -522,25699,11968,-5525, 2669, -864, -184,  609, -604,  374, -183, -156,   35,    4,
   21,  -19, -295,  217,  -78, -350, 1015,-1753, 2228,-1898, -569,25668,12038,-5531, 2661, -853, -192,  613, -606,  374, -182, -157,   35,    4,
   21,  -19, -295,  215,  -75, -354, 1017,-1751, 2218,-1873, -617,25636,12109,-5536, 2653, -843, -200,  618, -607,  373, -181, -157,   35,    4,
   21,  -18, -295,  213,  -72, -358, 1020,-1749, 2207,-1848, -664,25604,12179,-5541, 2645, -832, -209,  623, -609,  373, -180, -158,   35,    4,
   21,  -18, -294,  212,  -69, -361, 1022,-1747, 2196,-1823, -712,25572,12250,-5546, 2636, -822, -217,  628, -610,  372, -178, -159,   35,    4,
   21,  -17, -294,  210,  -66, -365, 1025,-1745, 2185,-1798, -759,25539,12320,-5550, 2627, -811, -225,  632, -612,  372, -177, -160,   35,    4,
   21,  -17, -294,  208,  -63, -369, 1027,-1743, 2174,-1773, -805,25507,12391,-5555, 2619, -800, -234,  637, -613,  372, -176, -161,   35,    4,
   21,  -16, -294,  207,  -61, -372, 1029,-1741, 2163,-1748, -852,25473,12461,-5559, 2610, -789, -242,  642, -615,  371, -175, -161,   35,    4,
   21,  -16, -294,  205,  -58, -376, 1032,-1739, 2152,-1723, -898,25440,12531,-5563, 2601, -778, -251,  646, -616,  371, -173, -162,   35,    4,
   21,  -15, -294,  204,  -55, -380, 1034,-1736, 2141,-1698, -944,25406,12602,-5567, 2592, -767, -259,  651, -617,  370, -172, -163,   35,    4,
   21,  -15, -294,  202,  -52, -383, 1036,-1734, 2130,-1673, -990,25373,12672,-5571, 2582, -756, -267,  656, -619,  370, -171, -164,   35,    4,
   20,  -14, -293,  200,  -49, -387, 1038,-1731, 2119,-1649,-1036,25338,12743,-5574, 2573, -745, -276,  660, -620,  369, -169, -165,   35,    4,
   20,  -14, -293,  199,  -46, -390, 1040,-1729, 2108,-1624,-1082,25304,12813,-5578, 2564, -734, -284,  665, -621,  369, -168, -165,   35,    4,
   20,  -13, -293,  197,  -43, -394, 1043,-1726, 2096,-1599,-1127,25269,12883,-5581, 2554, -723, -293,  669, -623,  368, -167, -166,   35,    4,
   20,  -13, -293,  195,  -40, -397, 1045,-1724, 2085,-1574,-1172,25234,12954,-5584, 2545, -712, -301,  674, -624,  368, -165, -167,   35,    4,
   20,  -13, -293,  193,  -37, -401, 1047,-1721, 2074,-1549,-1217,25199,13024,-5587, 2535, -701, -310,  679, -625,  367, -164, -168,   34,    4,
   20,  -12, -293,  192,  -34, -404, 1049,-1718, 2062,-1524,-1262,25163,13094,-5589, 2525, -690, -318,  683, -627,  366, -163, -169,   34,    4,
   20,  -12, -292,  190,  -31, -408, 1051,-1716, 2051,-1499,-1306,25127,13164,-5591, 2515, -678, -327,  688, -628,  366, -161, -169,   34,    4,
   20,  -11, -292,  188,  -28, -411, 1053,-1713, 2039,-1474,-1350,25091,13234,-5594, 2505, -667, -335,  692, -629,  365, -160, -170,   34,    4,
   20,  -11, -292,  187,  -25, -415, 1054,-1710, 2027,-1449,-1394,25055,13305,-5596, 2495, -656, -344,  697, -630,  365, -159, -171,   34,    4,
   20,  -10, -292,  185,  -22, -418, 1056,-1707, 2016,-1424,-1438,25018,13375,-5597, 2484, -644, -352,  701, -632,  364, -157, -172,   34,    4,
   19,  -10, -292,  183,  -20, -421, 1058,-1704, 2004,-1400,-1482,24981,13445,-5599, 2474, -633, -360,  706, -633,  363, -156, -173,   34,    4,
   19,   -9, -291,  182,  -17, -425, 1060,-1701, 1992,-1375,-1525,24944,13515,-5600, 2463, -621, -369,  710, -634,  363, -155, -173,   34,    4,
   19,   -9, -291,  180,  -14, -428, 1061,-1698, 1980,-1350,-1568,24906,13585,-5602, 2453, -610, -377,  715, -635,  362, -153, -174,   34,    5,
   19,   -9, -291,  178,  -11, -431, 1063,-1695, 1969,-1325,-1611,24868,13655,-5603, 2442, -598, -386,  719, -636,  361, -152, -175,   34,    5,
   19,   -8, -291,  176,   -8, -435, 1065,-1692, 1957,-1300,-1654,24830,13725,-5604, 2431, -586, -394,  723, -637,  361, -150, -176,   34,    5,
   19,   -8, -290,  175,   -5, -438, 1066,-1688, 1945,-1275,-1696,24792,13795,-5604, 2420, -575, -403,  728, -639,  360, -149, -176,   34,    5,
   19,   -7, -290,  173,   -2, -441, 1068,-1685, 1933,-1251,-1738,24753,13864,-5605, 2409, -563, -411,  732, -640,  359, -148, -177,   34,    5,
   19,   -7, -290,  171,    1, -444, 1069,-1682, 1921,-1226,-1780,24714,13934,-5605, 2398, -551, -420,  736, -641,  358, -146, -178,   34,    5,
   19,   -6, -290,  169,    3, -447, 1071,-1678, 1909,-1201,-1822,24675,14004,-5605, 2387, -539, -428,  741, -642,  358, -145, -179,   34,    5,
   19,   -6, -289,  168,    6, -451, 1072,-1675, 1897,-1176,-1864,24636,14074,-5605, 2375, -527, -437,  745, -643,  357, -143, -180,   34,    5,
   18,   -6, -289,  166,    9, -454, 1074,-1671, 1884,-1152,-1905,24596,14143,-5604, 2364, -515, -445,  749, -644,  356, -142, -180,   34,    5,
   18,   -5, -289,  164,   12, -457, 1075,-1668, 1872,-1127,-1946,24556,14213,-5604, 2352, -504, -454,  754, -645,  355, -141, -181,   34,    5,
   18,   -5, -288,  162,   15, -460, 1076,-1664, 1860,-1102,-1987,24516,14283,-5603, 2340, -492, -462,  758, -646,  354, -139, -182,   34,    5,
   18,   -4, -288,  161,   18, -463, 1078,-1661, 1848,-1078,-2028,24475,14352,-5602, 2328, -480, -471,  762, -647,  354, -138, -183,   34,    5,
   18,   -4, -288,  159,   20, -466, 1079,-1657, 1835,-1053,-2069,24434,14422,-5601, 2317, -467, -479,  766, -647,  353, -136, -184,   34,    5,
   18,   -4, -288,  157,   23, -469, 1080,-1653, 1823,-1028,-2109,24393,14491,-5599, 2304, -455, -488,  771, -648,  352, -135, -184,   34,    5,
   18,   -3, -287,  155,   26, -472, 1081,-1649, 1810,-1004,-2149,24352,14560,-5598, 2292, -443, -496,  775, -649,  351, -133, -185,   34,    5,
   18,   -3, -287,  154,   29, -475, 1082,-1645, 1798, -979,-2189,24310,14630,-5596, 2280, -431, -505,  779, -650,  350, -132, -186,   33,    5,
   18,   -2, -287,  152,   32, -478, 1083,-1641, 1785, -954,-2228,24269,14699,-5594, 2268, -419, -513,  783, -651,  349, -131, -187,   33,    5,
   18,   -2, -286,  150,   34, -481, 1084,-1637, 1773, -930,-2268,24227,14768,-5592, 2255, -407, -522,  787, -652,  348, -129, -188,   33,    5,
   18,   -2, -286,  148,   37, -484, 1085,-1633, 1760, -905,-2307,24184,14837,-5589, 2243, -394, -530,  791, -652,  348, -128, -188,   33,    5,
   17,   -1, -286,  147,   40, -487, 1086,-1629, 1748, -881,-2346,24142,14906,-5587, 2230, -382, -539,  796, -653,  347, -126, -189,   33,    5,
   17,   -1, -285,  145,   43, -490, 1087,-1625, 1735, -856,-2384,24099,14975,-5584, 2217, -370, -547,  800, -654,  346, -125, -190,   33,    6,
   17,    0, -285,  143,   45, -493, 1088,-1621, 1722, -832,-2423,24056,15044,-5581, 2204, -357, -555,  804, -655,  345, -123, -191,   33,    6,
   17,    0, -285,  141,   48, -496, 1089,-1617, 1710, -808,-2461,24012,15113,-5578, 2191, -345, -564,  808, -655,  344, -122, -191,   33,    6,
   17,    0, -284,  140,   51, -498, 1090,-1613, 1697, -783,-2499,23969,15182,-5574, 2178, -332, -572,  812, -656,  343, -120, -192,   33,    6,
   17,    1, -284,  138,   54, -501, 1090,-1608, 1684, -759,-2537,23925,15251,-5571, 2165, -320, -581,  816, -657,  342, -119, -193,   33,    6,
   17,    1, -284,  136,   56, -504, 1091,-1604, 1671, -735,-2574,23881,15319,-5567, 2151, -307, -589,  820, -657,  341, -117, -194,   33,    6,
   17,    2, -283,  134,   59, -507, 1092,-1599, 1658, -710,-2612,23836,15388,-5563, 2138, -295, -598,  824, -658,  340, -116, -195,   33,    6,
   17,    2, -283,  132,   62, -510, 1092,-1595, 1646, -686,-2649,23792,15456,-5558, 2124, -282, -606,  828, -659,  339, -114, -195,   33,    6,
   17,    2, -283,  131,   64, -512, 1093,-1590, 1633, -662,-2686,23747,15525,-5554, 2111, -269, -615,  831, -659,  338, -113, -196,   33,    6,
   16,    3, -282,  129,   67, -515, 1094,-1586, 1620, -638,-2722,23702,15593,-5549, 2097, -257, -623,  835, -660,  336, -111, -197,   32,    6,
   16,    3, -282,  127,   70, -518, 1094,-1581, 1607, -613,-2759,23656,15662,-5544, 2083, -244, -631,  839, -660,  335, -109, -198,   32,    6,
   16,    3, -281,  125,   72, -520, 1095,-1577, 1594, -589,-2795,23611,15730,-5539, 2069, -231, -640,  843, -661,  334, -108, -198,   32,    6,
   16,    4, -281,  123,   75, -523, 1095,-1572, 1581, -565,-2831,23565,15798,-5534, 2055, -218, -648,  847, -661,  333, -106, -199,   32,    6,
   16,    4, -281,  122,   78, -525, 1095,-1567, 1567, -541,-2867,23519,15866,-5528, 2041, -206, -657,  851, -662,  332, -105, -200,   32,    6,
   16,    4, -280,  120,   80, -528, 1096,-1562, 1554, -517,-2902,23472,15934,-5522, 2026, -193, -665,  854, -662,  331, -103, -201,   32,    6,
   16,    5, -280,  118,   83, -531, 1096,-1557, 1541, -493,-2937,23426,16002,-5516, 2012, -180, -673,  858, -663,  330, -102, -202,   32,    6,
   16,    5, -279,  116,   86, -533, 1096,-1553, 1528, -469,-2973,23379,16070,-5510, 1998, -167, -682,  862, -663,  329, -100, -202,   32,    6,
   16,    6, -279,  114,   88, -536, 1097,-1548, 1515, -445,-3007,23332,16137,-5504, 1983, -154, -690,  866, -663,  327,  -99, -203,   32,    6,
   16,    6, -279,  113,   91, -538, 1097,-1543, 1502, -421,-3042,23285,16205,-5497, 1968, -141, -698,  869, -664,  326,  -97, -204,   32,    7,
   16,    6, -278,  111,   94, -541, 1097,-1538, 1488, -398,-3076,23237,16272,-5490, 1954, -128, -707,  873, -664,  325,  -95, -205,   32,    7,
   15,    7, -278,  109,   96, -543, 1097,-1533, 1475, -374,-3110,23189,16340,-5483, 1939, -115, -715,  877, -664,  324,  -94, -205,   31,    7,
   15,    7, -277,  107,   99, -545, 1097,-1527, 1462, -350,-3144,23141,16407,-5476, 1924, -102, -723,  880, -665,  322,  -92, -206,   31,    7,
   15,    7, -277,  105,  101, -548, 1097,-1522, 1448, -326,-3178,23093,16474,-5468, 1908,  -89, -732,  884, -665,  321,  -91, -207,   31,    7,
   15,    8, -276,  104,  104, -550, 1097,-1517, 1435, -303,-3211,23044,16542,-5461, 1893,  -76, -740,  887, -665,  320,  -89, -208,   31,    7,
   15,    8, -276,  102,  106, -553, 1097,-1512, 1422, -279,-3244,22996,16609,-5453, 1878,  -63, -748,  891, -665,  319,  -87, -208,   31,    7,
   15,    8, -276,  100,  109, -555, 1097,-1506, 1408, -256,-3277,22947,16676,-5444, 1863,  -50, -756,  894, -666,  317,  -86, -209,   31,    7,
   15,    9, -275,   98,  112, -557, 1097,-1501, 1395, -232,-3310,22898,16742,-5436, 1847,  -36, -765,  898, -666,  316,  -84, -210,   31,    7,
   15,    9, -275,   96,  114, -559, 1097,-1496, 1381, -209,-3343,22848,16809,-5427, 1831,  -23, -773,  901, -666,  315,  -83, -211,   31,    7,
   15,    9, -274,   95,  117, -562, 1097,-1490, 1368, -185,-3375,22798,16876,-5419, 1816,  -10, -781,  905, -666,  313,  -81, -211,   31,    7,
   15,   10, -274,   93,  119, -564, 1096,-1485, 1354, -162,-3407,22749,16942,-5410, 1800,    3, -789,  908, -666,  312,  -79, -212,   30,    7,
   15,   10, -273,   91,  122, -566, 1096,-1479, 1341, -138,-3439,22698,17009,-5400, 1784,   17, -798,  912, -666,  311,  -78, -213,   30,    7,
   14,   10, -273,   89,  124, -568, 1096,-1474, 1327, -115,-3470,22648,17075,-5391, 1768,   30, -806,  915, -666,  309,  -76, -214,   30,    7,
   14,   10, -272,   87,  127, -570, 1096,-1468, 1314,  -92,-3502,22598,17141,-5381, 1752,   43, -814,  918, -667,  308,  -75, -214,   30,    7,
   14,   11, -272,   85,  129, -573, 1095,-1463, 1300,  -69,-3533,22547,17208,-5371, 1736,   57, -822,  922, -667,  307,  -73, -215,   30,    7,
   14,   11, -271,   84,  132, -575, 1095,-1457, 1286,  -46,-3563,22496,17274,-5361, 1719,   70, -830,  925, -667,  305,  -71, -216,   30,    7,
   14,   11, -271,   82,  134, -577, 1094,-1451, 1273,  -23,-3594,22445,17340,-5351, 1703,   84, -839,  928, -667,  304,  -70, -217,   30,    8,
   14,   12, -270,   80,  136, -579, 1094,-1445, 1259,    0,-3624,22393,17405,-5340, 1687,   97, -847,  931, -666,  302,  -68, -217,   30,    8,
   14,   12, -270,   78,  139, -581, 1093,-1440, 1246,   23,-3655,22341,17471,-5329, 1670,  110, -855,  935, -666,  301,  -66, -218,   30,    8,
   14,   12, -269,   76,  141, -583, 1093,-1434, 1232,   46,-3685,22290,17537,-5318, 1653,  124, -863,  938, -666,  299,  -65, -219,   29,    8,
   14,   13, -269,   75,  144, -585, 1092,-1428, 1218,   69,-3714,22237,17602,-5307, 1636,  137, -871,  941, -666,  298,  -63, -220,   29,    8,
   14,   13, -268,   73,  146, -587, 1092,-1422, 1204,   92,-3744,22185,17667,-5295, 1620,  151, -879,  944, -666,  296,  -61, -220,   29,    8,
   14,   13, -268,   71,  149, -589, 1091,-1416, 1191,  115,-3773,22133,17733,-5283, 1603,  164, -887,  947, -666,  295,  -60, -221,   29,    8,
   13,   13, -267,   69,  151, -591, 1090,-1410, 1177,  137,-3802,22080,17798,-5271, 1586,  178, -895,  950, -666,  293,  -58, -222,   29,    8,
   13,   14, -267,   67,  153, -593, 1090,-1404, 1163,  160,-3831,22027,17863,-5259, 1568,  192, -903,  953, -666,  292,  -56, -222,   29,    8,
   13,   14, -266,   65,  156, -594, 1089,-1398, 1149,  183,-3859,21974,17927,-5247, 1551,  205, -911,  956, -665,  290,  -55, -223,   29,    8,
   13,   14, -266,   64,  158, -596, 1088,-1392, 1136,  205,-3887,21920,17992,-5234, 1534,  219, -919,  959, -665,  289,  -53, -224,   28,    8,
   13,   15, -265,   62,  160, -598, 1087,-1386, 1122,  228,-3915,21867,18057,-5221, 1516,  232, -927,  962, -665,  287,  -51, -225,   28,    8,
   13,   15, -265,   60,  163, -600, 1086,-1380, 1108,  250,-3943,21813,18121,-5208, 1499,  246, -935,  965, -665,  285,  -50, -225,   28,    8,
   13,   15, -264,   58,  165, -602, 1085,-1373, 1094,  272,-3971,21759,18185,-5195, 1481,  260, -943,  968, -664,  284,  -48, -226,   28,    8,
   13,   15, -264,   56,  167, -603, 1084,-1367, 1080,  295,-3998,21705,18250,-5181, 1464,  273, -951,  971, -664,  282,  -46, -227,   28,    8,
   13,   16, -263,   55,  170, -605, 1083,-1361, 1066,  317,-4025,21650,18314,-5168, 1446,  287, -959,  974, -663,  281,  -45, -228,   28,    9,
   13,   16, -263,   53,  172, -607, 1082,-1354, 1053,  339,-4052,21596,18378,-5154, 1428,  301, -967,  977, -663,  279,  -43, -228,   27,    9,
   13,   16, -262,   51,  174, -609, 1081,-1348, 1039,  361,-4079,21541,18441,-5139, 1410,  315, -975,  979, -663,  277,  -41, -229,   27,    9,
   13,   17, -261,   49,  177, -610, 1080,-1342, 1025,  383,-4105,21486,18505,-5125, 1392,  328, -982,  982, -662,  276,  -39, -230,   27,    9,
   12,   17, -261,   47,  179, -612, 1079,-1335, 1011,  405,-4131,21431,18569,-5110, 1374,  342, -990,  985, -662,  274,  -38, -230,   27,    9,
   12,   17, -260,   46,  181, -613, 1078,-1329,  997,  427,-4157,21375,18632,-5095, 1355,  356, -998,  988, -661,  272,  -36, -231,   27,    9,
   12,   17, -260,   44,  183, -615, 1077,-1322,  983,  449,-4183,21320,18695,-5080, 1337,  370,-1006,  990, -661,  271,  -34, -232,   27,    9,
   12,   18, -259,   42,  186, -617, 1075,-1316,  969,  471,-4208,21264,18758,-5065, 1319,  384,-1013,  993, -660,  269,  -33, -232,   27,    9,
   12,   18, -259,   40,  188, -618, 1074,-1309,  955,  492,-4233,21208,18821,-5049, 1300,  397,-1021,  996, -660,  267,  -31, -233,   26,    9,
   12,   18, -258,   38,  190, -620, 1073,-1302,  941,  514,-4258,21152,18884,-5033, 1281,  411,-1029,  998, -659,  265,  -29, -234,   26,    9,
   12,   18, -257,   37,  192, -621, 1071,-1296,  927,  536,-4283,21095,18947,-5017, 1263,  425,-1037, 1001, -659,  264,  -27, -234,   26,    9,
   12,   19, -257,   35,  194, -623, 1070,-1289,  913,  557,-4308,21039,19009,-5001, 1244,  439,-1044, 1003, -658,  262,  -26, -235,   26,    9,
   12,   19, -256,   33,  197, -624, 1069,-1282,  899,  579,-4332,20982,19072,-4984, 1225,  453,-1052, 1006, -657,  260,  -24, -236,   26,    9,
   12,   19, -256,   31,  199, -625, 1067,-1276,  885,  600,-4356,20925,19134,-4968, 1206,  467,-1059, 1008, -657,  258,  -22, -237,   25,    9,
   12,   19, -255,   29,  201, -627, 1066,-1269,  871,  621,-4380,20868,19196,-4951, 1187,  480,-1067, 1011, -656,  257,  -20, -237,   25,   10,
   12,   20, -254,   28,  203, -628, 1064,-1262,  857,  642,-4403,20810,19258,-4933, 1168,  494,-1075, 1013, -655,  255,  -19, -238,   25,   10,
   11,   20, -254,   26,  205, -629, 1063,-1255,  843,  664,-4427,20753,19320,-4916, 1149,  508,-1082, 1015, -654,  253,  -17, -239,   25,   10,
   11,   20, -253,   24,  207, -631, 1061,-1248,  830,  685,-4450,20695,19381,-4898, 1129,  522,-1090, 1018, -654,  251,  -15, -239,   25,   10,
   11,   20, -253,   22,  209, -632, 1059,-1241,  816,  706,-4473,20637,19443,-4880, 1110,  536,-1097, 1020, -653,  249,  -13, -240,   25,   10,
   11,   21, -252,   20,  212, -633, 1058,-1235,  802,  727,-4495,20579,19504,-4862, 1091,  550,-1105, 1022, -652,  247,  -12, -241,   24,   10,
   11,   21, -251,   19,  214, -635, 1056,-1228,  788,  748,-4518,20521,19565,-4844, 1071,  564,-1112, 1025, -651,  245,  -10, -241,   24,   10,
   11,   21, -251,   17,  216, -636, 1054,-1221,  774,  768,-4540,20462,19626,-4825, 1051,  578,-1120, 1027, -650,  243,   -8, -242,   24,   10,
   11,   21, -250,   15,  218, -637, 1053,-1214,  760,  789,-4562,20404,19687,-4806, 1032,  592,-1127, 1029, -650,  242,   -6, -243,   24,   10,
   11,   21, -250,   13,  220, -638, 1051,-1206,  746,  810,-4583,20345,19748,-4787, 1012,  606,-1134, 1031, -649,  240,   -5, -243,   24,   10,
   11,   22, -249,   11,  222, -639, 1049,-1199,  732,  830,-4605,20286,19808,-4768,  992,  620,-1142, 1033, -648,  238,   -3, -244,   23,   10,
   11,   22, -248,   10,  224, -640, 1047,-1192,  718,  851,-4626,20227,19868,-4748,  972,  634,-1149, 1035, -647,  236,   -1, -244,   23,   10,
   11,   22, -248,    8,  226, -642, 1045,-1185,  704,  871,-4647,20168,19929,-4728,  952,  648,-1156, 1037, -646,  234,    1, -245,   23,   10,
   11,   22, -247,    6,  228, -643, 1043,-1178,  690,  892,-4668,20108,19989,-4708,  932,  662,-1164, 1039, -645,  232,    2, -246,   23,   10,
   11,   23, -246,    4,  230, -644, 1041,-1171,  676,  912,-4688,20048,20048,-4688,  912,  676,-1171, 1041, -644,  230,    4, -246,   23,   11,
   10,   23, -246,    2,  232, -645, 1039,-1164,  662,  932,-4708,19989,20108,-4668,  892,  690,-1178, 1043, -643,  228,    6, -247,   22,   11,
   10,   23, -245,    1,  234, -646, 1037,-1156,  648,  952,-4728,19929,20168,-4647,  871,  704,-1185, 1045, -642,  226,    8, -248,   22,   11,
   10,   23, -244,   -1,  236, -647, 1035,-1149,  634,  972,-4748,19868,20227,-4626,  851,  718,-1192, 1047, -640,  224,   10, -248,   22,   11,
   10,   23, -244,   -3,  238, -648, 1033,-1142,  620,  992,-4768,19808,20286,-4605,  830,  732,-1199, 1049, -639,  222,   11, -249,   22,   11,
   10,   24, -243,   -5,  240, -649, 1031,-1134,  606, 1012,-4787,19748,20345,-4583,  810,  746,-1206, 1051, -638,  220,   13, -250,   21,   11,
   10,   24, -243,   -6,  242, -650, 1029,-1127,  592, 1032,-4806,19687,20404,-4562,  789,  760,-1214, 1053, -637,  218,   15, -250,   21,   11,
   10,   24, -242,   -8,  243, -650, 1027,-1120,  578, 1051,-4825,19626,20462,-4540,  768,  774,-1221, 1054, -636,  216,   17, -251,   21,   11,
   10,   24, -241,  -10,  245, -651, 1025,-1112,  564, 1071,-4844,19565,20521,-4518,  748,  788,-1228, 1056, -635,  214,   19, -251,   21,   11,
   10,   24, -241,  -12,  247, -652, 1022,-1105,  550, 1091,-4862,19504,20579,-4495,  727,  802,-1235, 1058, -633,  212,   20, -252,   21,   11,
   10,   25, -240,  -13,  249, -653, 1020,-1097,  536, 1110,-4880,19443,20637,-4473,  706,  816,-1241, 1059, -632,  209,   22, -253,   20,   11,
   10,   25, -239,  -15,  251, -654, 1018,-1090,  522, 1129,-4898,19381,20695,-4450,  685,  830,-1248, 1061, -631,  207,   24, -253,   20,   11,
   10,   25, -239,  -17,  253, -654, 1015,-1082,  508, 1149,-4916,19320,20753,-4427,  664,  843,-1255, 1063, -629,  205,   26, -254,   20,   11,
   10,   25, -238,  -19,  255, -655, 1013,-1075,  494, 1168,-4933,19258,20810,-4403,  642,  857,-1262, 1064, -628,  203,   28, -254,   20,   12,
   10,   25, -237,  -20,  257, -656, 1011,-1067,  480, 1187,-4951,19196,20868,-4380,  621,  871,-1269, 1066, -627,  201,   29, -255,   19,   12,
    9,   25, -237,  -22,  258, -657, 1008,-1059,  467, 1206,-4968,19134,20925,-4356,  600,  885,-1276, 1067, -625,  199,   31, -256,   19,   12,
    9,   26, -236,  -24,  260, -657, 1006,-1052,  453, 1225,-4984,19072,20982,-4332,  579,  899,-1282, 1069, -624,  197,   33, -256,   19,   12,
    9,   26, -235,  -26,  262, -658, 1003,-1044,  439, 1244,-5001,19009,21039,-4308,  557,  913,-1289, 1070, -623,  194,   35, -257,   19,   12,
    9,   26, -234,  -27,  264, -659, 1001,-1037,  425, 1263,-5017,18947,21095,-4283,  536,  927,-1296, 1071, -621,  192,   37, -257,   18,   12,
    9,   26, -234,  -29,  265, -659,  998,-1029,  411, 1281,-5033,18884,21152,-4258,  514,  941,-1302, 1073, -620,  190,   38, -258,   18,   12,
    9,   26, -233,  -31,  267, -660,  996,-1021,  397, 1300,-5049,18821,21208,-4233,  492,  955,-1309, 1074, -618,  188,   40, -259,   18,   12,
    9,   27, -232,  -33,  269, -660,  993,-1013,  384, 1319,-5065,18758,21264,-4208,  471,  969,-1316, 1075, -617,  186,   42, -259,   18,   12,
    9,   27, -232,  -34,  271, -661,  990,-1006,  370, 1337,-5080,18695,21320,-4183,  449,  983,-1322, 1077, -615,  183,   44, -260,   17,   12,
    9,   27, -231,  -36,  272, -661,  988, -998,  356, 1355,-5095,18632,21375,-4157,  427,  997,-1329, 1078, -613,  181,   46, -260,   17,   12,
    9,   27, -230,  -38,  274, -662,  985, -990,  342, 1374,-5110,18569,21431,-4131,  405, 1011,-1335, 1079, -612,  179,   47, -261,   17,   12,
    9,   27, -230,  -39,  276, -662,  982, -982,  328, 1392,-5125,18505,21486,-4105,  383, 1025,-1342, 1080, -610,  177,   49, -261,   17,   13,
    9,   27, -229,  -41,  277, -663,  979, -975,  315, 1410,-5139,18441,21541,-4079,  361, 1039,-1348, 1081, -609,  174,   51, -262,   16,   13,
    9,   27, -228,  -43,  279, -663,  977, -967,  301, 1428,-5154,18378,21596,-4052,  339, 1053,-1354, 1082, -607,  172,   53, -263,   16,   13,
    9,   28, -228,  -45,  281, -663,  974, -959,  287, 1446,-5168,18314,21650,-4025,  317, 1066,-1361, 1083, -605,  170,   55, -263,   16,   13,
    8,   28, -227,  -46,  282, -664,  971, -951,  273, 1464,-5181,18250,21705,-3998,  295, 1080,-1367, 1084, -603,  167,   56, -264,   15,   13,
    8,   28, -226,  -48,  284, -664,  968, -943,  260, 1481,-5195,18185,21759,-3971,  272, 1094,-1373, 1085, -602,  165,   58, -264,   15,   13,
    8,   28, -225,  -50,  285, -665,  965, -935,  246, 1499,-5208,18121,21813,-3943,  250, 1108,-1380, 1086, -600,  163,   60, -265,   15,   13,
    8,   28, -225,  -51,  287, -665,  962, -927,  232, 1516,-5221,18057,21867,-3915,  228, 1122,-1386, 1087, -598,  160,   62, -265,   15,   13,
    8,   28, -224,  -53,  289, -665,  959, -919,  219, 1534,-5234,17992,21920,-3887,  205, 1136,-1392, 1088, -596,  158,   64, -266,   14,   13,
    8,   29, -223,  -55,  290, -665,  956, -911,  205, 1551,-5247,17927,21974,-3859,  183, 1149,-1398, 1089, -594,  156,   65, -266,   14,   13,
    8,   29, -222,  -56,  292, -666,  953, -903,  192, 1568,-5259,17863,22027,-3831,  160, 1163,-1404, 1090, -593,  153,   67, -267,   14,   13,
    8,   29, -222,  -58,  293, -666,  950, -895,  178, 1586,-5271,17798,22080,-3802,  137, 1177,-1410, 1090, -591,  151,   69, -267,   13,   13,
    8,   29, -221,  -60,  295, -666,  947, -887,  164, 1603,-5283,17733,22133,-3773,  115, 1191,-1416, 1091, -589,  149,   71, -268,   13,   14,
    8,   29, -220,  -61,  296, -666,  944, -879,  151, 1620,-5295,17667,22185,-3744,   92, 1204,-1422, 1092, -587,  146,   73, -268,   13,   14,
    8,   29, -220,  -63,  298, -666,  941, -871,  137, 1636,-5307,17602,22237,-3714,   69, 1218,-1428, 1092, -585,  144,   75, -269,   13,   14,
    8,   29, -219,  -65,  299, -666,  938, -863,  124, 1653,-5318,17537,22290,-3685,   46, 1232,-1434, 1093, -583,  141,   76, -269,   12,   14,
    8,   30, -218,  -66,  301, -666,  935, -855,  110, 1670,-5329,17471,22341,-3655,   23, 1246,-1440, 1093, -581,  139,   78, -270,   12,   14,
    8,   30, -217,  -68,  302, -666,  931, -847,   97, 1687,-5340,17405,22393,-3624,    0, 1259,-1445, 1094, -579,  136,   80, -270,   12,   14,
    8,   30, -217,  -70,  304, -667,  928, -839,   84, 1703,-5351,17340,22445,-3594,  -23, 1273,-1451, 1094, -577,  134,   82, -271,   11,   14,
    7,   30, -216,  -71,  305, -667,  925, -830,   70, 1719,-5361,17274,22496,-3563,  -46, 1286,-1457, 1095, -575,  132,   84, -271,   11,   14,
    7,   30, -215,  -73,  307, -667,  922, -822,   57, 1736,-5371,17208,22547,-3533,  -69, 1300,-1463, 1095, -573,  129,   85, -272,   11,   14,
    7,   30, -214,  -75,  308, -667,  918, -814,   43, 1752,-5381,17141,22598,-3502,  -92, 1314,-1468, 1096, -570,  127,   87, -272,   10,   14,
    7,   30, -214,  -76,  309, -666,  915, -806,   30, 1768,-5391,17075,22648,-3470, -115, 1327,-1474, 1096, -568,  124,   89, -273,   10,   14,
    7,   30, -213,  -78,  311, -666,  912, -798,   17, 1784,-5400,17009,22698,-3439, -138, 1341,-1479, 1096, -566,  122,   91, -273,   10,   15,
    7,   30, -212,  -79,  312, -666,  908, -789,    3, 1800,-5410,16942,22749,-3407, -162, 1354,-1485, 1096, -564,  119,   93, -274,   10,   15,
    7,   31, -211,  -81,  313, -666,  905, -781,  -10, 1816,-5419,16876,22798,-3375, -185, 1368,-1490, 1097, -562,  117,   95, -274,    9,   15,
    7,   31, -211,  -83,  315, -666,  901, -773,  -23, 1831,-5427,16809,22848,-3343, -209, 1381,-1496, 1097, -559,  114,   96, -275,    9,   15,
    7,   31, -210,  -84,  316, -666,  898, -765,  -36, 1847,-5436,16742,22898,-3310, -232, 1395,-1501, 1097, -557,  112,   98, -275,    9,   15,
    7,   31, -209,  -86,  317, -666,  894, -756,  -50, 1863,-5444,16676,22947,-3277, -256, 1408,-1506, 1097, -555,  109,  100, -276,    8,   15,
    7,   31, -208,  -87,  319, -665,  891, -748,  -63, 1878,-5453,16609,22996,-3244, -279, 1422,-1512, 1097, -553,  106,  102, -276,    8,   15,
    7,   31, -208,  -89,  320, -665,  887, -740,  -76, 1893,-5461,16542,23044,-3211, -303, 1435,-1517, 1097, -550,  104,  104, -276,    8,   15,
    7,   31, -207,  -91,  321, -665,  884, -732,  -89, 1908,-5468,16474,23093,-3178, -326, 1448,-1522, 1097, -548,  101,  105, -277,    7,   15,
    7,   31, -206,  -92,  322, -665,  880, -723, -102, 1924,-5476,16407,23141,-3144, -350, 1462,-1527, 1097, -545,   99,  107, -277,    7,   15,
    7,   31, -205,  -94,  324, -664,  877, -715, -115, 1939,-5483,16340,23189,-3110, -374, 1475,-1533, 1097, -543,   96,  109, -278,    7,   15,
    7,   32, -205,  -95,  325, -664,  873, -707, -128, 1954,-5490,16272,23237,-3076, -398, 1488,-1538, 1097, -541,   94,  111, -278,    6,   16,
    7,   32, -204,  -97,  326, -664,  869, -698, -141, 1968,-5497,16205,23285,-3042, -421, 1502,-1543, 1097, -538,   91,  113, -279,    6,   16,
    6,   32, -203,  -99,  327, -663,  866, -690, -154, 1983,-5504,16137,23332,-3007, -445, 1515,-1548, 1097, -536,   88,  114, -279,    6,   16,
    6,   32, -202, -100,  329, -663,  862, -682, -167, 1998,-5510,16070,23379,-2973, -469, 1528,-1553, 1096, -533,   86,  116, -279,    5,   16,
    6,   32, -202, -102,  330, -663,  858, -673, -180, 2012,-5516,16002,23426,-2937, -493, 1541,-1557, 1096, -531,   83,  118, -280,    5,   16,
    6,   32, -201, -103,  331, -662,  854, -665, -193, 2026,-5522,15934,23472,-2902, -517, 1554,-1562, 1096, -528,   80,  120, -280,    4,   16,
    6,   32, -200, -105,  332, -662,  851, -657, -206, 2041,-5528,15866,23519,-2867, -541, 1567,-1567, 1095, -525,   78,  122, -281,    4,   16,
    6,   32, -199, -106,  333, -661,  847, -648, -218, 2055,-5534,15798,23565,-2831, -565, 1581,-1572, 1095, -523,   75,  123, -281,    4,   16,
    6,   32, -198, -108,  334, -661,  843, -640, -231, 2069,-5539,15730,23611,-2795, -589, 1594,-1577, 1095, -520,   72,  125, -281,    3,   16,
    6,   32, -198, -109,  335, -660,  839, -631, -244, 2083,-5544,15662,23656,-2759, -613, 1607,-1581, 1094, -518,   70,  127, -282,    3,   16,
    6,   32, -197, -111,  336, -660,  835, -623, -257, 2097,-5549,15593,23702,-2722, -638, 1620,-1586, 1094, -515,   67,  129, -282,    3,   16,
    6,   33, -196, -113,  338, -659,  831, -615, -269, 2111,-5554,15525,23747,-2686, -662, 1633,-1590, 1093, -512,   64,  131, -283,    2,   17,
    6,   33, -195, -114,  339, -659,  828, -606, -282, 2124,-5558,15456,23792,-2649, -686, 1646,-1595, 1092, -510,   62,  132, -283,    2,   17,
    6,   33, -195, -116,  340, -658,  824, -598, -295, 2138,-5563,15388,23836,-2612, -710, 1658,-1599, 1092, -507,   59,  134, -283,    2,   17,
    6,   33, -194, -117,  341, -657,  820, -589, -307, 2151,-5567,15319,23881,-2574, -735, 1671,-1604, 1091, -504,   56,  136, -284,    1,   17,
    6,   33, -193, -119,  342, -657,  816, -581, -320, 2165,-5571,15251,23925,-2537, -759, 1684,-1608, 1090, -501,   54,  138, -284,    1,   17,
    6,   33, -192, -120,  343, -656,  812, -572, -332, 2178,-5574,15182,23969,-2499, -783, 1697,-1613, 1090, -498,   51,  140, -284,    0,   17,
    6,   33, -191, -122,  344, -655,  808, -564, -345, 2191,-5578,15113,24012,-2461, -808, 1710,-1617, 1089, -496,   48,  141, -285,    0,   17,
    6,   33, -191, -123,  345, -655,  804, -555, -357, 2204,-5581,15044,24056,-2423, -832, 1722,-1621, 1088, -493,   45,  143, -285,    0,   17,
    6,   33, -190, -125,  346, -654,  800, -547, -370, 2217,-5584,14975,24099,-2384, -856, 1735,-1625, 1087, -490,   43,  145, -285,   -1,   17,
    5,   33, -189, -126,  347, -653,  796, -539, -382, 2230,-5587,14906,24142,-2346, -881, 1748,-1629, 1086, -487,   40,  147, -286,   -1,   17,
    5,   33, -188, -128,  348, -652,  791, -530, -394, 2243,-5589,14837,24184,-2307, -905, 1760,-1633, 1085, -484,   37,  148, -286,   -2,   18,
    5,   33, -188, -129,  348, -652,  787, -522, -407, 2255,-5592,14768,24227,-2268, -930, 1773,-1637, 1084, -481,   34,  150, -286,   -2,   18,
    5,   33, -187, -131,  349, -651,  783, -513, -419, 2268,-5594,14699,24269,-2228, -954, 1785,-1641, 1083, -478,   32,  152, -287,   -2,   18,
    5,   33, -186, -132,  350, -650,  779, -505, -431, 2280,-5596,14630,24310,-2189, -979, 1798,-1645, 1082, -475,   29,  154, -287,   -3,   18,
    5,   34, -185, -133,  351, -649,  775, -496, -443, 2292,-5598,14560,24352,-2149,-1004, 1810,-1649, 1081, -472,   26,  155, -287,   -3,   18,
    5,   34, -184, -135,  352, -648,  771, -488, -455, 2304,-5599,14491,24393,-2109,-1028, 1823,-1653, 1080, -469,   23,  157, -288,   -4,   18,
    5,   34, -184, -136,  353, -647,  766, -479, -467, 2317,-5601,14422,24434,-2069,-1053, 1835,-1657, 1079, -466,   20,  159, -288,   -4,   18,
    5,   34, -183, -138,  354, -647,  762, -471, -480, 2328,-5602,14352,24475,-2028,-1078, 1848,-1661, 1078, -463,   18,  161, -288,   -4,   18,
    5,   34, -182, -139,  354, -646,  758, -462, -492, 2340,-5603,14283,24516,-1987,-1102, 1860,-1664, 1076, -460,   15,  162, -288,   -5,   18,
    5,   34, -181, -141,  355, -645,  754, -454, -504, 2352,-5604,14213,24556,-1946,-1127, 1872,-1668, 1075, -457,   12,  164, -289,   -5,   18,
    5,   34, -180, -142,  356, -644,  749, -445, -515, 2364,-5604,14143,24596,-1905,-1152, 1884,-1671, 1074, -454,    9,  166, -289,   -6,   18,
    5,   34, -180, -143,  357, -643,  745, -437, -527, 2375,-5605,14074,24636,-1864,-1176, 1897,-1675, 1072, -451,    6,  168, -289,   -6,   19,
    5,   34, -179, -145,  358, -642,  741, -428, -539, 2387,-5605,14004,24675,-1822,-1201, 1909,-1678, 1071, -447,    3,  169, -290,   -6,   19,
    5,   34, -178, -146,  358, -641,  736, -420, -551, 2398,-5605,13934,24714,-1780,-1226, 1921,-1682, 1069, -444,    1,  171, -290,   -7,   19,
    5,   34, -177, -148,  359, -640,  732, -411, -563, 2409,-5605,13864,24753,-1738,-1251, 1933,-1685, 1068, -441,   -2,  173, -290,   -7,   19,
    5,   34, -176, -149,  360, -639,  728, -403, -575, 2420,-5604,13795,24792,-1696,-1275, 1945,-1688, 1066, -438,   -5,  175, -290,   -8,   19,
    5,   34, -176, -150,  361, -637,  723, -394, -586, 2431,-5604,13725,24830,-1654,-1300, 1957,-1692, 1065, -435,   -8,  176, -291,   -8,   19,
    5,   34, -175, -152,  361, -636,  719, -386, -598, 2442,-5603,13655,24868,-1611,-1325, 1969,-1695, 1063, -431,  -11,  178, -291,   -9,   19,
    5,   34, -174, -153,  362, -635,  715, -377, -610, 2453,-5602,13585,24906,-1568,-1350, 1980,-1698, 1061, -428,  -14,  180, -291,   -9,   19,
    4,   34, -173, -155,  363, -634,  710, -369, -621, 2463,-5600,13515,24944,-1525,-1375, 1992,-1701, 1060, -425,  -17,  182, -291,   -9,   19,
    4,   34, -173, -156,  363, -633,  706, -360, -633, 2474,-5599,13445,24981,-1482,-1400, 2004,-1704, 1058, -421,  -20,  183, -292,  -10,   19,
    4,   34, -172, -157,  364, -632,  701, -352, -644, 2484,-5597,13375,25018,-1438,-1424, 2016,-1707, 1056, -418,  -22,  185, -292,  -10,   20,
    4,   34, -171, -159,  365, -630,  697, -344, -656, 2495,-5596,13305,25055,-1394,-1449, 2027,-1710, 1054, -415,  -25,  187, -292,  -11,   20,
    4,   34, -170, -160,  365, -629,  692, -335, -667, 2505,-5594,13234,25091,-1350,-1474, 2039,-1713, 1053, -411,  -28,  188, -292,  -11,   20,
    4,   34, -169, -161,  366, -628,  688, -327, -678, 2515,-5591,13164,25127,-1306,-1499, 2051,-1716, 1051, -408,  -31,  190, -292,  -12,   20,
    4,   34, -169, -163,  366, -627,  683, -318, -690, 2525,-5589,13094,25163,-1262,-1524, 2062,-1718, 1049, -404,  -34,  192, -293,  -12,   20,
    4,   34, -168, -164,  367, -625,  679, -310, -701, 2535,-5587,13024,25199,-1217,-1549, 2074,-1721, 1047, -401,  -37,  193, -293,  -13,   20,
    4,   35, -167, -165,  368, -624,  674, -301, -712, 2545,-5584,12954,25234,-1172,-1574, 2085,-1724, 1045, -397,  -40,  195, -293,  -13,   20,
    4,   35, -166, -167,  368, -623,  669, -293, -723, 2554,-5581,12883,25269,-1127,-1599, 2096,-1726, 1043, -394,  -43,  197, -293,  -13,   20,
    4,   35, -165, -168,  369, -621,  665, -284, -734, 2564,-5578,12813,25304,-1082,-1624, 2108,-1729, 1040, -390,  -46,  199, -293,  -14,   20,
    4,   35, -165, -169,  369, -620,  660, -276, -745, 2573,-5574,12743,25338,-1036,-1649, 2119,-1731, 1038, -387,  -49,  200, -293,  -14,   20,
    4,   35, -164, -171,  370, -619,  656, -267, -756, 2582,-5571,12672,25373, -990,-1673, 2130,-1734, 1036, -383,  -52,  202, -294,  -15,   21,
    4,   35, -163, -172,  370, -617,  651, -259, -767, 2592,-5567,12602,25406, -944,-1698, 2141,-1736, 1034, -380,  -55,  204, -294,  -15,   21,
    4,   35, -162, -173,  371, -616,  646, -251, -778, 2601,-5563,12531,25440, -898,-1723, 2152,-1739, 1032, -376,  -58,  205, -294,  -16,   21,
    4,   35, -161, -175,  371, -615,  642, -242, -789, 2610,-5559,12461,25473, -852,-1748, 2163,-1741, 1029, -372,  -61,  207, -294,  -16,   21,
    4,   35, -161, -176,  372, -613,  637, -234, -800, 2619,-5555,12391,25507, -805,-1773, 2174,-1743, 1027, -369,  -63,  208, -294,  -17,   21,
    4,   35, -160, -177,  372, -612,  632, -225, -811, 2627,-5550,12320,25539, -759,-1798, 2185,-1745, 1025, -365,  -66,  210, -294,  -17,   21,
    4,   35, -159, -178,  372, -610,  628, -217, -822, 2636,-5546,12250,25572, -712,-1823, 2196,-1747, 1022, -361,  -69,  212, -294,  -18,   21,
    4,   35, -158, -180,  373, -609,  623, -209, -832, 2645,-5541,12179,25604, -664,-1848, 2207,-1749, 1020, -358,  -72,  213, -295,  -18,   21,
    4,   35, -157, -181,  373, -607,  618, -200, -843, 2653,-5536,12109,25636, -617,-1873, 2218,-1751, 1017, -354,  -75,  215, -295,  -19,   21,
    4,   35, -157, -182,  374, -606,  613, -192, -853, 2661,-5531,12038,25668, -569,-1898, 2228,-1753, 1015, -350,  -78,  217, -295,  -19,   21,
    4,   35, -156, -183,  374, -604,  609, -184, -864, 2669,-5525,11968,25699, -522,-1922, 2239,-1755, 1012, -346,  -81,  218, -295,  -20,   22,
    3,   35, -155, -185,  374, -602,  604, -175, -874, 2678,-5520,11897,25730, -474,-1947, 2250,-1757, 1009, -343,  -84,  220, -295,  -20,   22,
    3,   35, -154, -186,  375, -601,  599, -167, -885, 2685,-5514,11827,25761, -425,-1972, 2260,-1758, 1007, -339,  -87,  222, -295,  -21,   22,
    3,   35, -153, -187,  375, -599,  594, -159, -895, 2693,-5508,11756,25791, -377,-1997, 2271,-1760, 1004, -335,  -90,  223, -295,  -21,   22,
    3,   35, -153, -188,  375, -598,  589, -150, -906, 2701,-5502,11686,25821, -328,-2022, 2281,-1762, 1001, -331,  -93,  225, -295,  -22,   22,
    3,   35, -152, -190,  376, -596,  585, -142, -916, 2709,-5496,11615,25851, -280,-2047, 2291,-1763,  998, -327,  -96,  226, -295,  -22,   22,
    3,   35, -151, -191,  376, -594,  580, -134, -926, 2716,-5489,11545,25881, -230,-2072, 2302,-1765,  996, -323,  -99,  228, -295,  -23,   22,
    3,   35, -150, -192,  376, -593,  575, -125, -936, 2724,-5483,11474,25910, -181,-2096, 2312,-1766,  993, -320, -102,  230, -295,  -23,   22,
    3,   35, -149, -193,  376, -591,  570, -117, -946, 2731,-5476,11404,25939, -132,-2121, 2322,-1768,  990, -316, -105,  231, -296,  -24,   22,
    3,   35, -149, -194,  377, -589,  565, -109, -956, 2738,-5469,11333,25968,  -82,-2146, 2332,-1769,  987, -312, -108,  233, -296,  -24,   22,
    3,   35, -148, -195,  377, -588,  560, -101, -966, 2745,-5462,11263,25996,  -32,-2171, 2342,-1770,  984, -308, -111,  234, -296,  -25,   23,
    3,   35, -147, -197,  377, -586,  555,  -92, -976, 2752,-5454,11192,26024,   18,-2195, 2352,-1771,  981, -304, -114,  236, -296,  -25,   23,
    3,   35, -146, -198,  377, -584,  551,  -84, -986, 2759,-5447,11122,26052,   68,-2220, 2362,-1772,  978, -300, -117,  237, -296,  -26,   23,
    3,   35, -145, -199,  378, -582,  546,  -76, -996, 2766,-5439,11052,26080,  118,-2245, 2372,-1774,  975, -296, -120,  239, -296,  -26,   23,
    3,   35, -145, -200,  378, -580,  541,  -68,-1006, 2772,-5431,10981,26107,  169,-2269, 2382,-1775,  972, -292, -123,  241, -296,  -27,   23,
    3,   35, -144, -201,  378, -579,  536,  -59,-1016, 2779,-5423,10911,26134,  220,-2294, 2392,-1775,  968, -288, -126,  242, -296,  -27,   23,
    3,   35, -143, -202,  378, -577,  531,  -51,-1025, 2785,-5415,10840,26160,  271,-2319, 2401,-1776,  965, -284, -129,  244, -296,  -28,   23,
    3,   35, -142, -204,  378, -575,  526,  -43,-1035, 2792,-5407,10770,26187,  322,-2343, 2411,-1777,  962, -280, -132,  245, -296,  -28,   23,
    3,   35, -141, -205,  378, -573,  521,  -35,-1045, 2798,-5398,10700,26213,  374,-2368, 2420,-1778,  959, -276, -135,  247, -296,  -29,   23,
    3,   35, -141, -206,  378, -571,  516,  -27,-1054, 2804,-5389,10629,26238,  425,-2393, 2430,-1779,  955, -271, -138,  248, -296,  -29,   23,
    3,   35, -140, -207,  378, -569,  511,  -19,-1064, 2810,-5381,10559,26264,  477,-2417, 2439,-1779,  952, -267, -141,  250, -296,  -30,   23,
    3,   35, -139, -208,  379, -567,  506,  -11,-1073, 2816,-5372,10489,26289,  529,-2442, 2448,-1780,  948, -263, -145,  251, -296,  -31,   24,
    3,   35, -138, -209,  379, -566,  501,   -2,-1083, 2821,-5362,10418,26314,  581,-2466, 2458,-1780,  945, -259, -148,  253, -296,  -31,   24,
    3,   35, -137, -210,  379, -564,  496,    6,-1092, 2827,-5353,10348,26338,  634,-2491, 2467,-1781,  941, -255, -151,  254, -296,  -32,   24,
    3,   35, -137, -211,  379, -562,  491,   14,-1101, 2832,-5343,10278,26362,  686,-2515, 2476,-1781,  938, -251, -154,  256, -296,  -32,   24,
    3,   35, -136, -212,  379, -560,  486,   22,-1110, 2838,-5334,10208,26386,  739,-2539, 2485,-1782,  934, -246, -157,  257, -296,  -33,   24,
    3,   35, -135, -213,  379, -558,  481,   30,-1119, 2843,-5324,10137,26410,  792,-2564, 2494,-1782,  931, -242, -160,  259, -296,  -33,   24,
    3,   35, -134, -215,  379, -556,  476,   38,-1129, 2848,-5314,10067,26433,  845,-2588, 2503,-1782,  927, -238, -163,  260, -295,  -34,   24,
    3,   35, -133, -216,  379, -554,  471,   46,-1138, 2853,-5304, 9997,26456,  898,-2613, 2512,-1782,  923, -234, -166,  262, -295,  -34,   24,
    3,   34, -133, -217,  379, -552,  466,   54,-1147, 2858,-5293, 9927,26479,  952,-2637, 2520,-1782,  920, -229, -169,  263, -295,  -35,   24,
    2,   34, -132, -218,  379, -550,  461,   62,-1155, 2863,-5283, 9857,26501, 1006,-2661, 2529,-1782,  916, -225, -172,  265, -295,  -35,   24,
    2,   34, -131, -219,  379, -548,  456,   70,-1164, 2868,-5272, 9787,26523, 1060,-2685, 2538,-1782,  912, -221, -175,  266, -295,  -36,   25,
    2,   34, -130, -220,  379, -546,  451,   78,-1173, 2872,-5261, 9717,26545, 1114,-2709, 2546,-1782,  908, -217, -178,  267, -295,  -37,   25,
    2,   34, -129, -221,  379, -543,  446,   86,-1182, 2877,-5250, 9647,26566, 1168,-2734, 2555,-1782,  904, -212, -181,  269, -295,  -37,   25,
    2,   34, -129, -222,  379, -541,  441,   94,-1191, 2881,-5239, 9577,26587, 1222,-2758, 2563,-1782,  900, -208, -184,  270, -295,  -38,   25,
    2,   34, -128, -223,  378, -539,  436,  101,-1199, 2885,-5228, 9507,26608, 1277,-2782, 2572,-1782,  896, -203, -187,  272, -295,  -38,   25,
    2,   34, -127, -224,  378, -537,  430,  109,-1208, 2890,-5216, 9437,26629, 1332,-2806, 2580,-1781,  892, -199, -190,  273, -295,  -39,   25,
    2,   34, -126, -225,  378, -535,  425,  117,-1216, 2894,-5205, 9368,26649, 1387,-2830, 2588,-1781,  888, -195, -193,  275, -295,  -39,   25,
    2,   34, -126, -226,  378, -533,  420,  125,-1225, 2898,-5193, 9298,26669, 1442,-2854, 2596,-1780,  884, -190, -196,  276, -294,  -40,   25,
    2,   34, -125, -227,  378, -531,  415,  133,-1233, 2901,-5181, 9228,26688, 1497,-2878, 2604,-1780,  880, -186, -199,  277, -294,  -41,   25,
    2,   34, -124, -228,  378, -529,  410,  141,-1241, 2905,-5169, 9159,26708, 1553,-2902, 2612,-1779,  876, -181, -202,  279, -294,  -41,   25,
    2,   34, -123, -229,  378, -526,  405,  148,-1250, 2909,-5157, 9089,26727, 1608,-2925, 2620,-1778,  872, -177, -205,  280, -294,  -42,   26,
    2,   34, -122, -230,  377, -524,  400,  156,-1258, 2912,-5145, 9019,26745, 1664,-2949, 2628,-1778,  867, -172, -208,  282, -294,  -42,   26,
    2,   34, -122, -231,  377, -522,  395,  164,-1266, 2916,-5132, 8950,26764, 1720,-2973, 2635,-1777,  863, -168, -211,  283, -294,  -43,   26,
    2,   34, -121, -232,  377, -520,  390,  172,-1274, 2919,-5119, 8880,26782, 1777,-2997, 2643,-1776,  859, -164, -214,  284, -293,  -44,   26,
    2,   34, -120, -233,  377, -517,  385,  179,-1282, 2922,-5107, 8811,26799, 1833,-3020, 2651,-1775,  854, -159, -217,  286, -293,  -44,   26,
    2,   34, -119, -233,  376, -515,  379,  187,-1290, 2925,-5094, 8742,26817, 1890,-3044, 2658,-1774,  850, -154, -220,  287, -293,  -45,   26,
    2,   34, -119, -234,  376, -513,  374,  195,-1298, 2928,-5081, 8672,26834, 1946,-3067, 2665,-1773,  846, -150, -223,  288, -293,  -45,   26,
    2,   34, -118, -235,  376, -511,  369,  202,-1306, 2931,-5067, 8603,26850, 2003,-3091, 2673,-1772,  841, -145, -227,  290, -293,  -46,   26,
    2,   34, -117, -236,  376, -508,  364,  210,-1314, 2934,-5054, 8534,26867, 2060,-3114, 2680,-1771,  837, -141, -230,  291, -293,  -47,   26,
    2,   34, -116, -237,  375, -506,  359,  218,-1321, 2936,-5040, 8465,26883, 2118,-3138, 2687,-1769,  832, -136, -233,  292, -292,  -47,   26,
    2,   34, -115, -238,  375, -504,  354,  225,-1329, 2939,-5027, 8396,26899, 2175,-3161, 2694,-1768,  828, -132, -236,  294, -292,  -48,   26,
    2,   34, -115, -239,  375, -501,  349,  233,-1337, 2941,-5013, 8327,26914, 2233,-3184, 2701,-1767,  823, -127, -239,  295, -292,  -48,   27,
    2,   34, -114, -240,  374, -499,  343,  240,-1344, 2943,-4999, 8258,26929, 2291,-3207, 2708,-1765,  818, -122, -242,  296, -292,  -49,   27,
    2,   34, -113, -241,  374, -497,  338,  248,-1352, 2946,-4985, 8189,26944, 2348,-3231, 2715,-1764,  814, -118, -245,  297, -291,  -50,   27,
    2,   34, -112, -242,  374, -494,  333,  255,-1359, 2948,-4971, 8120,26959, 2407,-3254, 2722,-1762,  809, -113, -248,  299, -291,  -50,   27,
    2,   33, -112, -242,  373, -492,  328,  263,-1367, 2950,-4956, 8052,26973, 2465,-3277, 2728,-1761,  804, -108, -251,  300, -291,  -51,   27,
    2,   33, -111, -243,  373, -489,  323,  270,-1374, 2951,-4942, 7983,26987, 2523,-3300, 2735,-1759,  799, -104, -254,  301, -291,  -51,   27,
    2,   33, -110, -244,  373, -487,  318,  278,-1381, 2953,-4927, 7914,27000, 2582,-3323, 2741,-1757,  794,  -99, -257,  302, -290,  -52,   27,
    2,   33, -109, -245,  372, -485,  312,  285,-1388, 2955,-4912, 7846,27014, 2641,-3345, 2748,-1755,  790,  -94, -260,  304, -290,  -53,   27,
    2,   33, -109, -246,  372, -482,  307,  292,-1395, 2956,-4897, 7777,27027, 2700,-3368, 2754,-1753,  785,  -90, -263,  305, -290,  -53,   27,
    2,   33, -108, -247,  371, -480,  302,  300,-1402, 2958,-4882, 7709,27039, 2759,-3391, 2760,-1751,  780,  -85, -266,  306, -290,  -54,   27,
    2,   33, -107, -248,  371, -477,  297,  307,-1409, 2959,-4867, 7641,27051, 2818,-3414, 2766,-1749,  775,  -80, -269,  307, -289,  -55,   28,
    2,   33, -106, -248,  371, -475,  292,  314,-1416, 2960,-4852, 7572,27063, 2877,-3436, 2773,-1747,  770,  -75, -272,  309, -289,  -55,   28,
    2,   33, -106, -249,  370, -472,  287,  322,-1423, 2961,-4836, 7504,27075, 2937,-3459, 2778,-1745,  765,  -71, -275,  310, -289,  -56,   28,
    2,   33, -105, -250,  370, -470,  281,  329,-1430, 2962,-4821, 7436,27086, 2997,-3481, 2784,-1743,  760,  -66, -278,  311, -288,  -56,   28,
    2,   33, -104, -251,  369, -467,  276,  336,-1437, 2963,-4805, 7368,27097, 3056,-3504, 2790,-1741,  754,  -61, -281,  312, -288,  -57,   28,
    1,   33, -103, -252,  369, -465,  271,  343,-1443, 2964,-4789, 7300,27108, 3116,-3526, 2796,-1738,  749,  -56, -284,  313, -288,  -58,   28,
    1,   33, -103, -252,  368, -462,  266,  350,-1450, 2965,-4773, 7233,27118, 3177,-3548, 2802,-1736,  744,  -52, -287,  315, -287,  -58,   28,
    1,   33, -102, -253,  368, -460,  261,  358,-1457, 2965,-4757, 7165,27128, 3237,-3571, 2807,-1733,  739,  -47, -290,  316, -287,  -59,   28,
    1,   33, -101, -254,  367, -457,  256,  365,-1463, 2966,-4741, 7097,27138, 3297,-3593, 2813,-1731,  733,  -42, -293,  317, -287,  -60,   28,
    1,   33, -100, -255,  367, -455,  250,  372,-1470, 2966,-4725, 7030,27148, 3358,-3615, 2818,-1728,  728,  -37, -296,  318, -286,  -60,   28,
    1,   33, -100, -255,  366, -452,  245,  379,-1476, 2966,-4708, 6962,27157, 3419,-3637, 2823,-1725,  723,  -32, -299,  319, -286,  -61,   28,
    1,   33,  -99, -256,  365, -450,  240,  386,-1482, 2966,-4692, 6895,27165, 3480,-3659, 2828,-1723,  717,  -27, -302,  320, -286,  -62,   29,
    1,   32,  -98, -257,  365, -447,  235,  393,-1488, 2966,-4675, 6827,27174, 3541,-3681, 2833,-1720,  712,  -23, -304,  321, -285,  -62,   29,
    1,   32,  -97, -258,  364, -444,  230,  400,-1495, 2966,-4658, 6760,27182, 3602,-3702, 2838,-1717,  707,  -18, -307,  322, -285,  -63,   29,
    1,   32,  -97, -258,  364, -442,  225,  407,-1501, 2966,-4641, 6693,27190, 3663,-3724, 2843,-1714,  701,  -13, -310,  324, -284,  -64,   29,
    1,   32,  -96, -259,  363, -439,  219,  414,-1507, 2966,-4624, 6626,27197, 3725,-3746, 2848,-1711,  696,   -8, -313,  325, -284,  -64,   29,
    1,   32,  -95, -260,  362, -437,  214,  421,-1513, 2965,-4607, 6559,27204, 3787,-3767, 2853,-1708,  690,   -3, -316,  326, -284,  -65,   29,
    1,   32,  -94, -260,  362, -434,  209,  428,-1519, 2965,-4589, 6492,27211, 3848,-3789, 2858,-1705,  684,    2, -319,  327, -283,  -66,   29,
    1,   32,  -94, -261,  361, -431,  204,  435,-1524, 2964,-4572, 6426,27218, 3910,-3810, 2862,-1701,  679,    7, -322,  328, -283,  -66,   29,
    1,   32,  -93, -262,  361, -429,  199,  441,-1530, 2963,-4554, 6359,27224, 3972,-3831, 2867,-1698,  673,   12, -325,  329, -282,  -67,   29,
    1,   32,  -92, -263,  360, -426,  194,  448,-1536, 2963,-4537, 6292,27230, 4035,-3853, 2871,-1695,  667,   17, -328,  330, -282,  -68,   29,
    1,   32,  -91, -263,  359, -423,  189,  455,-1542, 2962,-4519, 6226,27235, 4097,-3874, 2875,-1691,  662,   22, -331,  331, -282,  -68,   29,
    1,   32,  -91, -264,  359, -421,  183,  462,-1547, 2961,-4501, 6160,27240, 4160,-3895, 2879,-1688,  656,   27, -334,  332, -281,  -69,   29,
    1,   32,  -90, -265,  358, -418,  178,  468,-1553, 2960,-4483, 6093,27245, 4222,-3916, 2883,-1684,  650,   32, -337,  333, -281,  -70,   30,
    1,   32,  -89, -265,  357, -415,  173,  475,-1558, 2958,-4465, 6027,27250, 4285,-3937, 2887,-1681,  644,   36, -340,  334, -280,  -70,   30,
    1,   32,  -89, -266,  356, -413,  168,  482,-1564, 2957,-4447, 5961,27254, 4348,-3958, 2891,-1677,  639,   41, -342,  335, -280,  -71,   30,
    1,   32,  -88, -267,  356, -410,  163,  488,-1569, 2956,-4428, 5895,27258, 4411,-3978, 2895,-1673,  633,   46, -345,  336, -279,  -72,   30,
    1,   31,  -87, -267,  355, -407,  158,  495,-1574, 2954,-4410, 5830,27262, 4474,-3999, 2899,-1670,  627,   51, -348,  337, -279,  -72,   30,
    1,   31,  -86, -268,  354, -404,  153,  502,-1579, 2952,-4391, 5764,27265, 4537,-4019, 2902,-1666,  621,   56, -351,  338, -278,  -73,   30,
    1,   31,  -86, -268,  353, -402,  148,  508,-1585, 2951,-4373, 5698,27268, 4601,-4040, 2906,-1662,  615,   61, -354,  339, -278,  -74,   30,
    1,   31,  -85, -269,  353, -399,  142,  515,-1590, 2949,-4354, 5633,27270, 4664,-4060, 2909,-1658,  609,   66, -357,  340, -277,  -74,   30,
    1,   31,  -84, -270,  352, -396,  137,  521,-1595, 2947,-4335, 5567,27273, 4728,-4080, 2913,-1654,  603,   71, -360,  341, -277,  -75,   30,
    1,   31,  -83, -270,  351, -393,  132,  528,-1600, 2945,-4316, 5502,27275, 4792,-4101, 2916,-1649,  597,   77, -363,  342, -276,  -76,   30,
    1,   31,  -83, -271,  350, -391,  127,  534,-1604, 2943,-4297, 5437,27276, 4856,-4121, 2919,-1645,  591,   82, -365,  342, -276,  -76,   30,
    1,   31,  -82, -271,  349, -388,  122,  540,-1609, 2941,-4278, 5372,27277, 4920,-4141, 2922,-1641,  584,   87, -368,  343, -275,  -77,   30,
    1,   31,  -81, -272,  349, -385,  117,  547,-1614, 2938,-4259, 5307,27278, 4984,-4161, 2925,-1637,  578,   92, -371,  344, -275,  -78,   31,
    1,   31,  -81, -273,  348, -382,  112,  553,-1619, 2936,-4239, 5242,27279, 5048,-4180, 2928,-1632,  572,   97, -374,  345, -274,  -79,   31,
   23,   31,  -80, -273,  347, -379,  107,  559,-1623, 2933,-4220, 5177,27279, 5113,-4200, 2931,-1628,  566,  102, -377,  346, -274,  -79,   31,
