// single phase coef Number:=32,    upsample factor:=320,     downsample factor:=441
32, 320,441,0,    
	8,  -44, -222, -173,  256,   74, -515,  274,  687,-1062, -292, 2202,-1556,-3267, 9664,20077, 9717,-3250,-1575, 2202, -283,-1067,  684,  278, -515,   72,  257, -172, -223,  -44,    8,   30,
    8,  -43, -222, -174,  255,   76, -514,  270,  690,-1058, -301, 2202,-1538,-3284, 9612,20077, 9769,-3232,-1593, 2202, -273,-1071,  681,  282, -515,   70,  258, -171, -223,  -44,    8,    1,
    8,  -43, -221, -175,  254,   78, -514,  266,  693,-1053, -311, 2202,-1519,-3301, 9559,20076, 9821,-3214,-1612, 2202, -264,-1076,  678,  286, -515,   67,  259, -170, -224,  -45,    8,    1,
    8,  -42, -221, -176,  253,   80, -514,  262,  696,-1048, -320, 2201,-1500,-3318, 9507,20075, 9874,-3196,-1630, 2202, -254,-1080,  675,  290, -515,   65,  260, -169, -224,  -45,    8,    1,
    8,  -42, -220, -177,  252,   82, -514,  258,  699,-1044, -329, 2201,-1482,-3335, 9454,20074, 9926,-3178,-1649, 2201, -245,-1084,  672,  294, -515,   63,  261, -168, -225,  -46,    8,    1,
    8,  -42, -220, -178,  251,   84, -513,  254,  702,-1039, -338, 2201,-1463,-3352, 9402,20073, 9978,-3160,-1667, 2201, -235,-1089,  669,  298, -515,   61,  261, -167, -225,  -46,    8,    1,
    8,  -41, -219, -179,  250,   86, -513,  250,  705,-1034, -347, 2200,-1444,-3368, 9349,20072,10030,-3141,-1686, 2201, -226,-1093,  665,  302, -515,   59,  262, -166, -226,  -46,    8,    1,
    8,  -41, -219, -180,  249,   89, -513,  246,  707,-1030, -356, 2199,-1426,-3384, 9297,20070,10083,-3122,-1704, 2200, -216,-1097,  662,  305, -515,   57,  263, -165, -226,  -47,    8,    1,
    8,  -40, -218, -181,  247,   91, -513,  242,  710,-1025, -366, 2199,-1407,-3400, 9244,20068,10135,-3104,-1723, 2200, -207,-1102,  659,  309, -515,   54,  264, -164, -227,  -47,    8,    1,
    8,  -40, -218, -182,  246,   93, -512,  238,  713,-1020, -375, 2198,-1389,-3416, 9192,20066,10187,-3085,-1741, 2199, -197,-1106,  656,  313, -515,   52,  265, -163, -227,  -48,    8,    1,
    8,  -40, -217, -183,  245,   95, -512,  234,  716,-1015, -384, 2197,-1370,-3432, 9139,20063,10239,-3065,-1760, 2198, -188,-1110,  652,  317, -515,   50,  266, -162, -228,  -48,    8,    1,
    8,  -39, -217, -184,  244,   97, -512,  230,  718,-1010, -393, 2196,-1351,-3447, 9087,20061,10291,-3046,-1778, 2197, -178,-1114,  649,  321, -515,   48,  267, -161, -228,  -48,    8,    1,
    8,  -39, -216, -185,  243,   99, -511,  226,  721,-1006, -402, 2195,-1333,-3462, 9034,20058,10343,-3026,-1796, 2196, -168,-1118,  646,  325, -515,   46,  268, -160, -229,  -49,    8,    1,
    8,  -39, -216, -186,  242,  101, -511,  222,  724,-1001, -411, 2194,-1314,-3478, 8981,20054,10395,-3007,-1815, 2195, -159,-1123,  642,  329, -515,   43,  269, -159, -229,  -49,    8,    1,
    8,  -38, -215, -187,  241,  103, -510,  218,  726, -996, -420, 2193,-1295,-3493, 8929,20051,10447,-2987,-1833, 2194, -149,-1127,  639,  333, -515,   41,  270, -158, -230,  -50,    8,    1,
    8,  -38, -214, -188,  240,  105, -510,  214,  729, -991, -429, 2192,-1277,-3507, 8876,20047,10499,-2966,-1851, 2193, -139,-1131,  635,  337, -515,   39,  271, -157, -230,  -50,    8,    1,
    8,  -37, -214, -189,  239,  107, -510,  210,  731, -986, -437, 2190,-1258,-3522, 8824,20043,10551,-2946,-1870, 2192, -129,-1135,  632,  341, -515,   37,  272, -156, -231,  -51,    8,    1,
    8,  -37, -213, -190,  238,  109, -509,  206,  734, -981, -446, 2189,-1239,-3536, 8771,20039,10603,-2926,-1888, 2190, -120,-1139,  628,  345, -515,   35,  272, -155, -231,  -51,    8,    1,
    8,  -37, -213, -190,  237,  111, -509,  202,  736, -976, -455, 2188,-1221,-3551, 8718,20035,10655,-2905,-1906, 2189, -110,-1143,  625,  349, -514,   32,  273, -153, -231,  -51,    8,    1,
    8,  -36, -212, -191,  236,  113, -508,  198,  739, -971, -464, 2186,-1202,-3565, 8666,20030,10707,-2884,-1925, 2188, -100,-1147,  621,  353, -514,   30,  274, -152, -232,  -52,    8,    1,
    8,  -36, -212, -192,  234,  115, -508,  194,  741, -966, -472, 2184,-1183,-3579, 8613,20025,10758,-2863,-1943, 2186,  -90,-1150,  618,  357, -514,   28,  275, -151, -232,  -52,    8,    1,
    8,  -36, -211, -193,  233,  117, -507,  190,  744, -961, -481, 2183,-1164,-3592, 8561,20020,10810,-2842,-1961, 2184,  -80,-1154,  614,  360, -514,   26,  276, -150, -233,  -53,    8,    1,
    8,  -35, -211, -194,  232,  119, -507,  186,  746, -955, -490, 2181,-1146,-3606, 8508,20015,10862,-2821,-1979, 2183,  -70,-1158,  610,  364, -514,   23,  277, -149, -233,  -53,    8,    1,
    8,  -35, -210, -195,  231,  121, -506,  182,  748, -950, -498, 2179,-1127,-3619, 8455,20009,10913,-2799,-1997, 2181,  -61,-1162,  607,  368, -513,   21,  277, -148, -234,  -54,    8,    1,
    8,  -34, -210, -196,  230,  123, -505,  178,  750, -945, -507, 2177,-1108,-3632, 8403,20003,10965,-2777,-2015, 2179,  -51,-1166,  603,  372, -513,   19,  278, -147, -234,  -54,    8,    1,
    8,  -34, -209, -197,  229,  125, -505,  174,  753, -940, -516, 2175,-1090,-3645, 8350,19997,11016,-2755,-2033, 2177,  -41,-1169,  599,  376, -513,   16,  279, -146, -235,  -54,    8,    1,
    8,  -34, -208, -197,  228,  127, -504,  170,  755, -935, -524, 2173,-1071,-3658, 8297,19991,11068,-2733,-2051, 2175,  -31,-1173,  595,  380, -512,   14,  280, -145, -235,  -55,    8,    1,
    8,  -33, -208, -198,  226,  129, -504,  166,  757, -929, -533, 2171,-1053,-3671, 8245,19984,11119,-2711,-2069, 2172,  -21,-1177,  592,  384, -512,   12,  281, -143, -236,  -55,    8,    1,
    8,  -33, -207, -199,  225,  131, -503,  162,  759, -924, -541, 2169,-1034,-3683, 8192,19977,11170,-2689,-2087, 2170,  -11,-1180,  588,  388, -512,   10,  281, -142, -236,  -56,    8,    1,
    8,  -33, -207, -200,  224,  132, -502,  158,  761, -919, -550, 2166,-1015,-3696, 8140,19970,11222,-2666,-2105, 2168,   -1,-1184,  584,  391, -511,    7,  282, -141, -236,  -56,    8,    1,
    8,  -32, -206, -201,  223,  134, -502,  154,  764, -914, -558, 2164, -997,-3708, 8087,19963,11273,-2643,-2123, 2165,    9,-1187,  580,  395, -511,    5,  283, -140, -237,  -57,    8,    1,
    8,  -32, -206, -202,  222,  136, -501,  150,  766, -908, -566, 2162, -978,-3720, 8035,19955,11324,-2620,-2141, 2163,   19,-1191,  576,  399, -511,    3,  284, -139, -237,  -57,    8,    1,
    8,  -32, -205, -202,  220,  138, -500,  146,  768, -903, -575, 2159, -959,-3732, 7982,19947,11375,-2597,-2159, 2160,   29,-1194,  572,  403, -510,    0,  284, -138, -238,  -58,    8,    1,
    8,  -31, -205, -203,  219,  140, -500,  142,  770, -897, -583, 2157, -941,-3743, 7929,19939,11426,-2574,-2177, 2158,   40,-1197,  568,  407, -510,   -2,  285, -137, -238,  -58,    8,    1,
    8,  -31, -204, -204,  218,  142, -499,  138,  772, -892, -591, 2154, -922,-3755, 7877,19931,11477,-2550,-2195, 2155,   50,-1201,  564,  410, -509,   -4,  286, -135, -239,  -58,    8,    1,
    8,  -31, -203, -205,  217,  144, -498,  134,  774, -887, -599, 2151, -904,-3766, 7824,19922,11528,-2527,-2212, 2152,   60,-1204,  560,  414, -509,   -6,  287, -134, -239,  -59,    8,    1,
    8,  -30, -203, -206,  216,  146, -497,  130,  775, -881, -607, 2148, -885,-3777, 7772,19913,11579,-2503,-2230, 2149,   70,-1207,  556,  418, -508,   -9,  287, -133, -239,  -59,    8,    2,
    8,  -30, -202, -207,  214,  148, -497,  126,  777, -876, -616, 2145, -867,-3788, 7719,19904,11630,-2479,-2248, 2146,   80,-1211,  552,  422, -508,  -11,  288, -132, -240,  -60,    8,    2,
    8,  -30, -202, -207,  213,  149, -496,  122,  779, -870, -624, 2142, -848,-3799, 7667,19895,11681,-2455,-2265, 2143,   90,-1214,  548,  426, -507,  -13,  289, -131, -240,  -60,    8,    2,
    8,  -29, -201, -208,  212,  151, -495,  118,  781, -865, -632, 2139, -829,-3809, 7614,19886,11732,-2430,-2283, 2140,  101,-1217,  544,  429, -507,  -16,  289, -129, -241,  -61,    8,    2,
    8,  -29, -201, -209,  211,  153, -494,  114,  783, -859, -640, 2136, -811,-3820, 7562,19876,11782,-2406,-2300, 2137,  111,-1220,  540,  433, -506,  -18,  290, -128, -241,  -61,    8,    2,
    8,  -29, -200, -210,  209,  155, -493,  110,  785, -853, -648, 2133, -792,-3830, 7510,19866,11833,-2381,-2318, 2133,  121,-1223,  535,  437, -505,  -20,  291, -127, -241,  -62,    8,    2,
    8,  -28, -199, -210,  208,  157, -492,  106,  786, -848, -656, 2130, -774,-3840, 7457,19856,11883,-2356,-2335, 2130,  131,-1226,  531,  441, -505,  -23,  291, -126, -242,  -62,    8,    2,
    8,  -28, -199, -211,  207,  158, -492,  102,  788, -842, -664, 2127, -755,-3850, 7405,19845,11934,-2331,-2353, 2126,  142,-1229,  527,  444, -504,  -25,  292, -125, -242,  -63,    8,    2,
    8,  -28, -198, -212,  206,  160, -491,   98,  790, -837, -671, 2123, -737,-3859, 7352,19834,11984,-2306,-2370, 2123,  152,-1232,  523,  448, -504,  -27,  293, -123, -243,  -63,    8,    2,
    8,  -27, -198, -213,  204,  162, -490,   94,  791, -831, -679, 2120, -719,-3869, 7300,19823,12035,-2280,-2388, 2119,  162,-1235,  518,  452, -503,  -30,  293, -122, -243,  -64,    8,    2,
    8,  -27, -197, -213,  203,  164, -489,   90,  793, -825, -687, 2116, -700,-3878, 7248,19812,12085,-2255,-2405, 2115,  172,-1238,  514,  455, -502,  -32,  294, -121, -243,  -64,    8,    2,
    8,  -27, -196, -214,  202,  166, -488,   86,  794, -820, -695, 2113, -682,-3887, 7196,19801,12135,-2229,-2422, 2111,  183,-1241,  510,  459, -501,  -35,  294, -120, -244,  -65,    8,    2,
    8,  -26, -196, -215,  201,  167, -487,   82,  796, -814, -702, 2109, -663,-3896, 7143,19789,12185,-2203,-2439, 2107,  193,-1244,  505,  463, -501,  -37,  295, -119, -244,  -65,    8,    2,
    8,  -26, -195, -216,  199,  169, -486,   78,  797, -808, -710, 2105, -645,-3905, 7091,19777,12235,-2177,-2456, 2103,  203,-1247,  501,  467, -500,  -39,  296, -117, -244,  -66,    7,    2,
    8,  -26, -195, -216,  198,  171, -485,   75,  799, -802, -718, 2101, -627,-3914, 7039,19765,12285,-2150,-2474, 2099,  214,-1250,  496,  470, -499,  -42,  296, -116, -245,  -66,    7,    2,
    8,  -25, -194, -217,  197,  173, -484,   71,  800, -797, -725, 2098, -608,-3922, 6987,19752,12335,-2124,-2491, 2095,  224,-1252,  492,  474, -498,  -44,  297, -115, -245,  -67,    7,    2,
    8,  -25, -194, -218,  195,  174, -483,   67,  802, -791, -733, 2094, -590,-3931, 6935,19740,12385,-2097,-2508, 2091,  235,-1255,  488,  478, -498,  -46,  297, -114, -245,  -67,    7,    2,
    8,  -25, -193, -218,  194,  176, -482,   63,  803, -785, -740, 2090, -572,-3939, 6883,19727,12435,-2070,-2525, 2086,  245,-1258,  483,  481, -497,  -49,  298, -112, -246,  -67,    7,    2,
    8,  -25, -192, -219,  193,  178, -481,   59,  805, -779, -748, 2086, -553,-3947, 6830,19714,12484,-2043,-2542, 2082,  255,-1260,  478,  485, -496,  -51,  299, -111, -246,  -68,    7,    2,
    8,  -24, -192, -220,  191,  179, -480,   55,  806, -773, -755, 2081, -535,-3955, 6778,19700,12534,-2016,-2558, 2077,  266,-1263,  474,  488, -495,  -54,  299, -110, -247,  -68,    7,    2,
    8,  -24, -191, -221,  190,  181, -479,   51,  807, -767, -763, 2077, -517,-3962, 6726,19687,12583,-1989,-2575, 2073,  276,-1265,  469,  492, -494,  -56,  300, -109, -247,  -69,    7,    2,
    7,  -24, -191, -221,  189,  183, -478,   47,  808, -762, -770, 2073, -499,-3970, 6675,19673,12633,-1961,-2592, 2068,  287,-1268,  465,  496, -493,  -58,  300, -107, -247,  -69,    7,    2,
    7,  -23, -190, -222,  188,  184, -476,   43,  810, -756, -777, 2069, -481,-3977, 6623,19659,12682,-1933,-2609, 2063,  297,-1270,  460,  499, -492,  -61,  301, -106, -248,  -70,    7,    2,
    7,  -23, -189, -223,  186,  186, -475,   39,  811, -750, -785, 2064, -463,-3984, 6571,19644,12731,-1906,-2625, 2058,  307,-1272,  455,  503, -491,  -63,  301, -105, -248,  -70,    7,    2,
    7,  -23, -189, -223,  185,  188, -474,   36,  812, -744, -792, 2060, -444,-3991, 6519,19630,12780,-1878,-2642, 2053,  318,-1275,  451,  506, -491,  -66,  302, -103, -248,  -71,    7,    2,
    7,  -22, -188, -224,  184,  189, -473,   32,  813, -738, -799, 2055, -426,-3998, 6467,19615,12829,-1849,-2659, 2048,  328,-1277,  446,  510, -490,  -68,  302, -102, -249,  -71,    7,    2,
    7,  -22, -188, -225,  182,  191, -472,   28,  814, -732, -806, 2051, -408,-4005, 6415,19600,12878,-1821,-2675, 2043,  339,-1279,  441,  513, -489,  -70,  303, -101, -249,  -72,    7,    2,
    7,  -22, -187, -225,  181,  193, -471,   24,  815, -726, -813, 2046, -390,-4011, 6364,19585,12927,-1792,-2692, 2038,  349,-1282,  437,  517, -488,  -73,  303, -100, -249,  -72,    7,    2,
    7,  -22, -186, -226,  179,  194, -470,   20,  816, -720, -820, 2041, -372,-4018, 6312,19569,12976,-1764,-2708, 2033,  360,-1284,  432,  520, -487,  -75,  304,  -98, -250,  -73,    7,    2,
    7,  -21, -186, -227,  178,  196, -468,   16,  817, -714, -827, 2036, -354,-4024, 6260,19554,13025,-1735,-2724, 2027,  370,-1286,  427,  524, -485,  -78,  304,  -97, -250,  -73,    7,    2,
    7,  -21, -185, -227,  177,  197, -467,   12,  818, -708, -834, 2031, -336,-4030, 6209,19538,13073,-1706,-2741, 2022,  381,-1288,  422,  527, -484,  -80,  304,  -96, -250,  -74,    7,    2,
    7,  -21, -185, -228,  175,  199, -466,    9,  819, -702, -841, 2027, -318,-4035, 6157,19521,13122,-1676,-2757, 2016,  391,-1290,  417,  531, -483,  -82,  305,  -94, -251,  -74,    7,    2,
    7,  -20, -184, -228,  174,  200, -465,    5,  820, -696, -848, 2022, -300,-4041, 6106,19505,13170,-1647,-2773, 2010,  402,-1292,  412,  534, -482,  -85,  305,  -93, -251,  -75,    7,    2,
    7,  -20, -183, -229,  173,  202, -463,    1,  821, -690, -855, 2016, -283,-4047, 6054,19488,13219,-1617,-2789, 2005,  412,-1294,  408,  538, -481,  -87,  306,  -92, -251,  -75,    7,    2,
    7,  -20, -183, -230,  171,  204, -462,   -3,  822, -684, -862, 2011, -265,-4052, 6003,19471,13267,-1588,-2805, 1999,  423,-1296,  403,  541, -480,  -90,  306,  -90, -251,  -76,    7,    2,
    7,  -20, -182, -230,  170,  205, -461,   -7,  823, -678, -868, 2006, -247,-4057, 5952,19454,13315,-1558,-2821, 1993,  433,-1298,  398,  545, -479,  -92,  306,  -89, -252,  -77,    7,    2,
    7,  -19, -181, -231,  169,  207, -460,  -11,  824, -672, -875, 2001, -229,-4062, 5900,19437,13363,-1528,-2837, 1987,  444,-1300,  393,  548, -478,  -94,  307,  -88, -252,  -77,    7,    2,
    7,  -19, -181, -231,  167,  208, -458,  -14,  824, -665, -882, 1996, -212,-4067, 5849,19419,13411,-1497,-2853, 1981,  455,-1301,  388,  551, -476,  -97,  307,  -86, -252,  -78,    7,    2,
    7,  -19, -180, -232,  166,  210, -457,  -18,  825, -659, -888, 1990, -194,-4071, 5798,19401,13459,-1467,-2869, 1975,  465,-1303,  383,  555, -475,  -99,  308,  -85, -253,  -78,    7,    2,
    7,  -19, -180, -233,  164,  211, -456,  -22,  826, -653, -895, 1985, -176,-4076, 5747,19383,13507,-1436,-2884, 1968,  476,-1305,  378,  558, -474, -102,  308,  -84, -253,  -79,    6,    2,
    7,  -18, -179, -233,  163,  213, -454,  -26,  826, -647, -901, 1979, -159,-4080, 5696,19365,13554,-1406,-2900, 1962,  486,-1306,  373,  562, -473, -104,  308,  -82, -253,  -79,    6,    2,
    7,  -18, -178, -234,  162,  214, -453,  -29,  827, -641, -908, 1974, -141,-4084, 5645,19347,13602,-1375,-2916, 1956,  497,-1308,  368,  565, -471, -107,  309,  -81, -253,  -80,    6,    2,
    7,  -18, -178, -234,  160,  216, -451,  -33,  828, -635, -914, 1968, -123,-4088, 5594,19328,13649,-1343,-2931, 1949,  507,-1310,  362,  568, -470, -109,  309,  -80, -254,  -80,    6,    2,
    7,  -17, -177, -235,  159,  217, -450,  -37,  828, -628, -921, 1962, -106,-4092, 5543,19309,13697,-1312,-2947, 1942,  518,-1311,  357,  571, -469, -111,  309,  -78, -254,  -81,    6,    2,
    7,  -17, -177, -235,  157,  218, -449,  -41,  829, -622, -927, 1957,  -88,-4096, 5492,19290,13744,-1281,-2962, 1936,  528,-1313,  352,  575, -467, -114,  309,  -77, -254,  -81,    6,    2,
    7,  -17, -176, -236,  156,  220, -447,  -44,  829, -616, -933, 1951,  -71,-4100, 5441,19270,13791,-1249,-2977, 1929,  539,-1314,  347,  578, -466, -116,  310,  -76, -254,  -82,    6,    2,
    7,  -17, -175, -236,  155,  221, -446,  -48,  830, -610, -939, 1945,  -54,-4103, 5390,19251,13838,-1217,-2993, 1922,  550,-1315,  342,  581, -465, -119,  310,  -74, -255,  -82,    6,    2,
    7,  -16, -175, -237,  153,  223, -444,  -52,  830, -604, -946, 1939,  -36,-4106, 5340,19231,13885,-1185,-3008, 1915,  560,-1317,  337,  585, -463, -121,  310,  -73, -255,  -83,    6,    3,
    7,  -16, -174, -238,  152,  224, -443,  -56,  831, -597, -952, 1933,  -19,-4109, 5289,19211,13932,-1153,-3023, 1908,  571,-1318,  331,  588, -462, -124,  311,  -72, -255,  -83,    6,    3,
    7,  -16, -173, -238,  150,  226, -441,  -59,  831, -591, -958, 1927,   -2,-4112, 5239,19190,13978,-1121,-3038, 1901,  581,-1319,  326,  591, -460, -126,  311,  -70, -255,  -84,    6,    3,
    7,  -16, -173, -239,  149,  227, -440,  -63,  831, -585, -964, 1921,   16,-4115, 5188,19170,14025,-1089,-3053, 1894,  592,-1320,  321,  594, -459, -128,  311,  -69, -256,  -84,    6,    3,
    7,  -15, -172, -239,  147,  228, -438,  -67,  832, -579, -970, 1915,   33,-4117, 5138,19149,14071,-1056,-3068, 1887,  602,-1322,  316,  597, -458, -131,  311,  -67, -256,  -85,    6,    3,
    7,  -15, -172, -240,  146,  230, -437,  -70,  832, -572, -976, 1909,   50,-4120, 5087,19128,14118,-1023,-3083, 1879,  613,-1323,  310,  601, -456, -133,  311,  -66, -256,  -85,    6,    3,
    7,  -15, -171, -240,  145,  231, -435,  -74,  832, -566, -982, 1902,   67,-4122, 5037,19107,14164, -990,-3098, 1872,  623,-1324,  305,  604, -455, -136,  312,  -65, -256,  -86,    6,    3,
    7,  -15, -170, -241,  143,  232, -434,  -78,  833, -560, -988, 1896,   84,-4124, 4987,19085,14210, -957,-3112, 1864,  634,-1325,  300,  607, -453, -138,  312,  -63, -257,  -87,    6,    3,
    7,  -14, -170, -241,  142,  234, -432,  -81,  833, -553, -994, 1890,  101,-4126, 4937,19063,14256, -924,-3127, 1857,  645,-1326,  294,  610, -451, -141,  312,  -62, -257,  -87,    6,    3,
    7,  -14, -169, -242,  140,  235, -431,  -85,  833, -547, -999, 1883,  118,-4128, 4887,19041,14302, -891,-3141, 1849,  655,-1327,  289,  613, -450, -143,  312,  -60, -257,  -88,    5,    3,
    7,  -14, -168, -242,  139,  236, -429,  -88,  833, -541,-1005, 1877,  135,-4129, 4837,19019,14348, -857,-3156, 1841,  666,-1328,  283,  616, -448, -145,  312,  -59, -257,  -88,    5,    3,
    7,  -14, -168, -242,  137,  238, -427,  -92,  833, -534,-1011, 1870,  152,-4131, 4787,18997,14393, -823,-3170, 1833,  676,-1328,  278,  619, -447, -148,  313,  -58, -257,  -89,    5,    3,
    7,  -13, -167, -243,  136,  239, -426,  -96,  833, -528,-1016, 1863,  169,-4132, 4737,18974,14439, -789,-3184, 1825,  687,-1329,  272,  622, -445, -150,  313,  -56, -258,  -89,    5,    3,
    7,  -13, -167, -243,  134,  240, -424,  -99,  833, -522,-1022, 1857,  186,-4133, 4687,18952,14484, -755,-3199, 1817,  697,-1330,  267,  625, -443, -153,  313,  -55, -258,  -90,    5,    3,
    7,  -13, -166, -244,  133,  241, -423, -103,  833, -515,-1028, 1850,  203,-4134, 4638,18929,14530, -721,-3213, 1809,  708,-1331,  262,  628, -442, -155,  313,  -53, -258,  -90,    5,    3,
    6,  -13, -165, -244,  131,  243, -421, -106,  833, -509,-1033, 1843,  219,-4135, 4588,18905,14575, -687,-3227, 1801,  718,-1331,  256,  631, -440, -158,  313,  -52, -258,  -91,    5,    3,
    6,  -13, -165, -245,  130,  244, -419, -110,  833, -502,-1039, 1837,  236,-4136, 4538,18882,14620, -652,-3241, 1793,  729,-1332,  250,  634, -438, -160,  313,  -51, -258,  -91,    5,    3,
    6,  -12, -164, -245,  129,  245, -418, -114,  833, -496,-1044, 1830,  253,-4136, 4489,18858,14665, -617,-3255, 1784,  739,-1332,  245,  637, -437, -162,  313,  -49, -259,  -92,    5,    3,
    6,  -12, -163, -246,  127,  246, -416, -117,  833, -490,-1049, 1823,  269,-4137, 4440,18834,14710, -583,-3269, 1776,  750,-1333,  239,  640, -435, -165,  313,  -48, -259,  -93,    5,    3,
    6,  -12, -163, -246,  126,  248, -414, -121,  833, -483,-1055, 1816,  286,-4137, 4390,18810,14754, -547,-3282, 1767,  760,-1333,  234,  643, -433, -167,  313,  -46, -259,  -93,    5,    3,
    6,  -12, -162, -246,  124,  249, -413, -124,  833, -477,-1060, 1809,  302,-4137, 4341,18786,14799, -512,-3296, 1759,  771,-1334,  228,  646, -431, -170,  313,  -45, -259,  -94,    5,    3,
    6,  -11, -162, -247,  123,  250, -411, -128,  833, -471,-1065, 1802,  319,-4137, 4292,18761,14843, -477,-3310, 1750,  781,-1334,  222,  649, -430, -172,  314,  -43, -259,  -94,    5,    3,
    6,  -11, -161, -247,  121,  251, -409, -131,  833, -464,-1070, 1794,  335,-4137, 4243,18736,14887, -441,-3323, 1741,  792,-1334,  217,  652, -428, -174,  314,  -42, -259,  -95,    5,    3,
    6,  -11, -160, -248,  120,  252, -408, -135,  832, -458,-1075, 1787,  351,-4136, 4194,18711,14932, -406,-3336, 1732,  802,-1335,  211,  655, -426, -177,  314,  -41, -260,  -95,    4,    3,
    6,  -11, -160, -248,  118,  254, -406, -138,  832, -451,-1080, 1780,  368,-4136, 4145,18686,14976, -370,-3350, 1723,  813,-1335,  206,  658, -424, -179,  314,  -39, -260,  -96,    4,    3,
    6,  -11, -159, -248,  117,  255, -404, -142,  832, -445,-1086, 1773,  384,-4135, 4096,18661,15019, -334,-3363, 1714,  823,-1335,  200,  661, -422, -182,  314,  -38, -260,  -97,    4,    3,
    6,  -10, -158, -249,  115,  256, -402, -145,  831, -438,-1090, 1765,  400,-4134, 4047,18635,15063, -298,-3376, 1705,  833,-1335,  194,  663, -420, -184,  314,  -36, -260,  -97,    4,    3,
    6,  -10, -158, -249,  114,  257, -401, -149,  831, -432,-1095, 1758,  416,-4133, 3999,18609,15107, -262,-3389, 1696,  844,-1335,  188,  666, -419, -186,  314,  -35, -260,  -98,    4,    3,
    6,  -10, -157, -250,  112,  258, -399, -152,  831, -426,-1100, 1751,  432,-4132, 3950,18583,15150, -225,-3402, 1687,  854,-1335,  183,  669, -417, -189,  314,  -33, -260,  -98,    4,    3,
    6,  -10, -157, -250,  111,  259, -397, -155,  830, -419,-1105, 1743,  449,-4131, 3902,18557,15194, -189,-3415, 1677,  865,-1335,  177,  672, -415, -191,  314,  -32, -260,  -99,    4,    3,
    6,   -9, -156, -250,  109,  260, -395, -159,  830, -413,-1110, 1736,  464,-4129, 3853,18531,15237, -152,-3428, 1668,  875,-1335,  171,  675, -413, -194,  313,  -31, -261,  -99,    4,    3,
    6,   -9, -155, -251,  108,  261, -393, -162,  829, -406,-1115, 1728,  480,-4128, 3805,18504,15280, -115,-3440, 1658,  885,-1335,  165,  677, -411, -196,  313,  -29, -261, -100,    4,    3,
    6,   -9, -155, -251,  106,  262, -392, -166,  829, -400,-1119, 1720,  496,-4126, 3757,18477,15323,  -78,-3453, 1649,  896,-1335,  159,  680, -409, -198,  313,  -28, -261, -101,    4,    3,
    6,   -9, -154, -251,  105,  264, -390, -169,  828, -393,-1124, 1713,  512,-4124, 3709,18450,15365,  -41,-3465, 1639,  906,-1335,  154,  683, -407, -201,  313,  -26, -261, -101,    4,    3,
    6,   -9, -153, -252,  103,  265, -388, -172,  828, -387,-1129, 1705,  528,-4122, 3661,18423,15408,   -3,-3478, 1629,  916,-1334,  148,  685, -405, -203,  313,  -25, -261, -102,    4,    3,
    6,   -8, -153, -252,  102,  266, -386, -176,  827, -380,-1133, 1697,  544,-4120, 3613,18395,15451,   34,-3490, 1620,  927,-1334,  142,  688, -403, -206,  313,  -23, -261, -102,    3,    3,
    6,   -8, -152, -252,  100,  267, -384, -179,  827, -374,-1138, 1689,  559,-4118, 3565,18367,15493,   72,-3502, 1610,  937,-1334,  136,  691, -401, -208,  313,  -22, -261, -103,    3,    3,
    6,   -8, -152, -253,   99,  268, -382, -182,  826, -367,-1142, 1682,  575,-4115, 3517,18339,15535,  109,-3515, 1600,  947,-1333,  130,  693, -399, -210,  313,  -20, -261, -103,    3,    3,
    6,   -8, -151, -253,   97,  269, -380, -186,  825, -361,-1146, 1674,  590,-4113, 3469,18311,15577,  147,-3527, 1589,  958,-1333,  124,  696, -396, -213,  313,  -19, -261, -104,    3,    4,
    6,   -8, -150, -253,   96,  270, -378, -189,  825, -354,-1151, 1666,  606,-4110, 3422,18283,15619,  185,-3538, 1579,  968,-1332,  118,  698, -394, -215,  313,  -17, -261, -105,    3,    4,
    6,   -7, -150, -254,   94,  271, -377, -192,  824, -348,-1155, 1658,  621,-4107, 3374,18254,15661,  224,-3550, 1569,  978,-1332,  112,  701, -392, -218,  312,  -16, -261, -105,    3,    4,
    6,   -7, -149, -254,   93,  272, -375, -195,  823, -342,-1159, 1650,  637,-4104, 3327,18225,15702,  262,-3562, 1559,  988,-1331,  106,  703, -390, -220,  312,  -14, -262, -106,    3,    4,
    6,   -7, -148, -254,   91,  273, -373, -199,  822, -335,-1163, 1641,  652,-4101, 3280,18196,15744,  301,-3574, 1548,  999,-1330,  100,  706, -388, -222,  312,  -13, -262, -106,    3,    4,
    6,   -7, -148, -254,   90,  274, -371, -202,  822, -329,-1168, 1633,  667,-4098, 3233,18167,15785,  339,-3585, 1538, 1009,-1330,   94,  708, -386, -225,  312,  -11, -262, -107,    3,    4,
    6,   -7, -147, -255,   88,  275, -369, -205,  821, -322,-1172, 1625,  682,-4094, 3186,18138,15826,  378,-3597, 1527, 1019,-1329,   88,  711, -384, -227,  312,  -10, -262, -107,    3,    4,
    6,   -7, -147, -255,   87,  275, -367, -208,  820, -316,-1176, 1617,  698,-4091, 3139,18108,15867,  417,-3608, 1517, 1029,-1328,   82,  713, -381, -229,  311,   -8, -262, -108,    2,    4,
    6,   -6, -146, -255,   85,  276, -365, -212,  819, -309,-1180, 1609,  713,-4087, 3092,18079,15908,  456,-3619, 1506, 1039,-1327,   76,  716, -379, -232,  311,   -7, -262, -109,    2,    4,
    6,   -6, -145, -256,   84,  277, -363, -215,  818, -303,-1184, 1600,  728,-4083, 3045,18049,15949,  495,-3630, 1495, 1049,-1326,   70,  718, -377, -234,  311,   -5, -262, -109,    2,    4,
    6,   -6, -145, -256,   82,  278, -361, -218,  817, -296,-1187, 1592,  743,-4079, 2998,18018,15989,  535,-3641, 1484, 1060,-1325,   64,  721, -375, -236,  311,   -4, -262, -110,    2,    4,
    5,   -6, -144, -256,   81,  279, -359, -221,  816, -290,-1191, 1584,  758,-4075, 2952,17988,16030,  574,-3652, 1473, 1070,-1324,   58,  723, -372, -239,  310,   -3, -262, -110,    2,    4,
    5,   -6, -143, -256,   79,  280, -357, -224,  815, -283,-1195, 1575,  772,-4071, 2905,17957,16070,  614,-3663, 1462, 1080,-1323,   52,  725, -370, -241,  310,   -1, -262, -111,    2,    4,
    5,   -5, -143, -257,   78,  281, -355, -227,  814, -277,-1199, 1567,  787,-4066, 2859,17927,16110,  654,-3674, 1451, 1090,-1322,   46,  728, -368, -243,  310,    0, -262, -112,    2,    4,
    5,   -5, -142, -257,   76,  282, -353, -231,  813, -270,-1203, 1558,  802,-4062, 2813,17896,16150,  694,-3684, 1440, 1100,-1321,   40,  730, -365, -246,  310,    2, -262, -112,    2,    4,
    5,   -5, -142, -257,   75,  283, -351, -234,  812, -264,-1206, 1550,  817,-4057, 2767,17864,16190,  734,-3695, 1429, 1110,-1320,   34,  732, -363, -248,  309,    3, -262, -113,    2,    4,
    5,   -5, -141, -257,   73,  283, -349, -237,  811, -257,-1210, 1541,  831,-4052, 2721,17833,16229,  774,-3705, 1417, 1120,-1319,   28,  734, -361, -250,  309,    5, -262, -113,    1,    4,
    5,   -5, -140, -258,   72,  284, -347, -240,  810, -251,-1213, 1532,  846,-4047, 2675,17801,16269,  815,-3716, 1406, 1130,-1317,   22,  737, -358, -253,  309,    6, -262, -114,    1,    4,
    5,   -5, -140, -258,   70,  285, -345, -243,  808, -244,-1217, 1524,  860,-4042, 2629,17770,16308,  855,-3726, 1394, 1140,-1316,   15,  739, -356, -255,  308,    8, -262, -115,    1,    4,
    5,   -4, -139, -258,   69,  286, -343, -246,  807, -238,-1220, 1515,  875,-4037, 2583,17738,16347,  896,-3736, 1383, 1150,-1315,    9,  741, -353, -257,  308,    9, -262, -115,    1,    4,
    5,   -4, -138, -258,   67,  287, -341, -249,  806, -232,-1224, 1506,  889,-4032, 2538,17706,16386,  937,-3746, 1371, 1160,-1313,    3,  743, -351, -260,  308,   11, -262, -116,    1,    4,
    5,   -4, -138, -258,   66,  287, -339, -252,  805, -225,-1227, 1498,  903,-4026, 2492,17673,16425,  978,-3756, 1359, 1169,-1312,   -3,  745, -348, -262,  307,   12, -262, -116,    1,    4,
    5,   -4, -137, -259,   64,  288, -337, -255,  804, -219,-1230, 1489,  917,-4021, 2447,17641,16464, 1019,-3765, 1348, 1179,-1310,   -9,  747, -346, -264,  307,   14, -262, -117,    1,    4,
    5,   -4, -137, -259,   63,  289, -335, -258,  802, -212,-1233, 1480,  931,-4015, 2402,17608,16502, 1060,-3775, 1336, 1189,-1308,  -16,  749, -343, -267,  307,   15, -262, -118,    1,    4,
    5,   -4, -136, -259,   61,  290, -332, -261,  801, -206,-1237, 1471,  946,-4009, 2357,17575,16540, 1101,-3784, 1324, 1199,-1307,  -22,  752, -341, -269,  306,   17, -262, -118,    1,    4,
    5,   -3, -135, -259,   59,  290, -330, -264,  800, -199,-1240, 1462,  960,-4003, 2312,17542,16579, 1143,-3794, 1312, 1209,-1305,  -28,  754, -338, -271,  306,   18, -262, -119,    0,    4,
    5,   -3, -135, -259,   58,  291, -328, -267,  798, -193,-1243, 1453,  974,-3997, 2267,17509,16617, 1184,-3803, 1300, 1218,-1303,  -34,  756, -336, -273,  305,   20, -262, -119,    0,    4,
    5,   -3, -134, -259,   56,  292, -326, -270,  797, -187,-1246, 1444,  987,-3991, 2222,17475,16654, 1226,-3812, 1287, 1228,-1301,  -40,  758, -333, -276,  305,   22, -262, -120,    0,    4,
    5,   -3, -133, -260,   55,  292, -324, -273,  795, -180,-1249, 1435, 1001,-3984, 2177,17441,16692, 1268,-3821, 1275, 1238,-1300,  -47,  760, -331, -278,  304,   23, -262, -121,    0,    4,
    5,   -3, -133, -260,   53,  293, -322, -276,  794, -174,-1252, 1426, 1015,-3978, 2133,17407,16729, 1310,-3830, 1263, 1248,-1298,  -53,  761, -328, -280,  304,   25, -262, -121,    0,    4,
    5,   -3, -132, -260,   52,  294, -320, -279,  792, -167,-1255, 1417, 1029,-3971, 2088,17373,16767, 1352,-3839, 1250, 1257,-1296,  -59,  763, -325, -282,  303,   26, -262, -122,    0,    4,
    5,   -2, -132, -260,   50,  294, -318, -282,  791, -161,-1257, 1408, 1042,-3964, 2044,17339,16804, 1395,-3848, 1238, 1267,-1294,  -66,  765, -323, -285,  303,   28, -262, -122,    0,    4,
    5,   -2, -131, -260,   49,  295, -315, -284,  789, -154,-1260, 1399, 1056,-3957, 2000,17305,16841, 1437,-3857, 1225, 1276,-1292,  -72,  767, -320, -287,  303,   29, -262, -123,    0,    4,
    5,   -2, -130, -260,   47,  296, -313, -287,  788, -148,-1263, 1389, 1069,-3950, 1956,17270,16877, 1480,-3865, 1213, 1286,-1290,  -78,  769, -318, -289,  302,   31, -261, -124,   -1,    4,
    5,   -2, -130, -260,   46,  296, -311, -290,  786, -142,-1266, 1380, 1083,-3943, 1912,17235,16914, 1522,-3873, 1200, 1296,-1287,  -85,  771, -315, -291,  301,   32, -261, -124,   -1,    5,
    5,   -2, -129, -261,   44,  297, -309, -293,  785, -135,-1268, 1371, 1096,-3936, 1868,17200,16950, 1565,-3882, 1187, 1305,-1285,  -91,  773, -312, -294,  301,   34, -261, -125,   -1,    5,
    5,   -2, -129, -261,   43,  298, -307, -296,  783, -129,-1271, 1362, 1109,-3929, 1825,17165,16987, 1608,-3890, 1174, 1315,-1283,  -97,  774, -309, -296,  300,   35, -261, -125,   -1,    5,
    5,   -2, -128, -261,   41,  298, -305, -298,  781, -123,-1273, 1352, 1122,-3921, 1781,17130,17023, 1651,-3898, 1162, 1324,-1281, -103,  776, -307, -298,  300,   37, -261, -126,   -1,    5,
    5,   -1, -127, -261,   40,  299, -302, -301,  780, -116,-1276, 1343, 1136,-3913, 1738,17094,17059, 1694,-3906, 1149, 1333,-1278, -110,  778, -304, -300,  299,   38, -261, -127,   -1,    5,
    5,   -1, -127, -261,   38,  299, -300, -304,  778, -110,-1278, 1333, 1149,-3906, 1694,17059,17094, 1738,-3913, 1136, 1343,-1276, -116,  780, -301, -302,  299,   40, -261, -127,   -1,    5,
    5,   -1, -126, -261,   37,  300, -298, -307,  776, -103,-1281, 1324, 1162,-3898, 1651,17023,17130, 1781,-3921, 1122, 1352,-1273, -123,  781, -298, -305,  298,   41, -261, -128,   -2,    5,
    5,   -1, -125, -261,   35,  300, -296, -309,  774,  -97,-1283, 1315, 1174,-3890, 1608,16987,17165, 1825,-3929, 1109, 1362,-1271, -129,  783, -296, -307,  298,   43, -261, -129,   -2,    5,
    5,   -1, -125, -261,   34,  301, -294, -312,  773,  -91,-1285, 1305, 1187,-3882, 1565,16950,17200, 1868,-3936, 1096, 1371,-1268, -135,  785, -293, -309,  297,   44, -261, -129,   -2,    5,
    5,   -1, -124, -261,   32,  301, -291, -315,  771,  -85,-1287, 1296, 1200,-3873, 1522,16914,17235, 1912,-3943, 1083, 1380,-1266, -142,  786, -290, -311,  296,   46, -260, -130,   -2,    5,
    4,   -1, -124, -261,   31,  302, -289, -318,  769,  -78,-1290, 1286, 1213,-3865, 1480,16877,17270, 1956,-3950, 1069, 1389,-1263, -148,  788, -287, -313,  296,   47, -260, -130,   -2,    5,
    4,    0, -123, -262,   29,  303, -287, -320,  767,  -72,-1292, 1276, 1225,-3857, 1437,16841,17305, 2000,-3957, 1056, 1399,-1260, -154,  789, -284, -315,  295,   49, -260, -131,   -2,    5,
    4,    0, -122, -262,   28,  303, -285, -323,  765,  -66,-1294, 1267, 1238,-3848, 1395,16804,17339, 2044,-3964, 1042, 1408,-1257, -161,  791, -282, -318,  294,   50, -260, -132,   -2,    5,
    4,    0, -122, -262,   26,  303, -282, -325,  763,  -59,-1296, 1257, 1250,-3839, 1352,16767,17373, 2088,-3971, 1029, 1417,-1255, -167,  792, -279, -320,  294,   52, -260, -132,   -3,    5,
    4,    0, -121, -262,   25,  304, -280, -328,  761,  -53,-1298, 1248, 1263,-3830, 1310,16729,17407, 2133,-3978, 1015, 1426,-1252, -174,  794, -276, -322,  293,   53, -260, -133,   -3,    5,
    4,    0, -121, -262,   23,  304, -278, -331,  760,  -47,-1300, 1238, 1275,-3821, 1268,16692,17441, 2177,-3984, 1001, 1435,-1249, -180,  795, -273, -324,  292,   55, -260, -133,   -3,    5,
    4,    0, -120, -262,   22,  305, -276, -333,  758,  -40,-1301, 1228, 1287,-3812, 1226,16654,17475, 2222,-3991,  987, 1444,-1246, -187,  797, -270, -326,  292,   56, -259, -134,   -3,    5,
    4,    0, -119, -262,   20,  305, -273, -336,  756,  -34,-1303, 1218, 1300,-3803, 1184,16617,17509, 2267,-3997,  974, 1453,-1243, -193,  798, -267, -328,  291,   58, -259, -135,   -3,    5,
    4,    0, -119, -262,   18,  306, -271, -338,  754,  -28,-1305, 1209, 1312,-3794, 1143,16579,17542, 2312,-4003,  960, 1462,-1240, -199,  800, -264, -330,  290,   59, -259, -135,   -3,    5,
    4,    1, -118, -262,   17,  306, -269, -341,  752,  -22,-1307, 1199, 1324,-3784, 1101,16540,17575, 2357,-4009,  946, 1471,-1237, -206,  801, -261, -332,  290,   61, -259, -136,   -4,    5,
    4,    1, -118, -262,   15,  307, -267, -343,  749,  -16,-1308, 1189, 1336,-3775, 1060,16502,17608, 2402,-4015,  931, 1480,-1233, -212,  802, -258, -335,  289,   63, -259, -137,   -4,    5,
    4,    1, -117, -262,   14,  307, -264, -346,  747,   -9,-1310, 1179, 1348,-3765, 1019,16464,17641, 2447,-4021,  917, 1489,-1230, -219,  804, -255, -337,  288,   64, -259, -137,   -4,    5,
    4,    1, -116, -262,   12,  307, -262, -348,  745,   -3,-1312, 1169, 1359,-3756,  978,16425,17673, 2492,-4026,  903, 1498,-1227, -225,  805, -252, -339,  287,   66, -258, -138,   -4,    5,
    4,    1, -116, -262,   11,  308, -260, -351,  743,    3,-1313, 1160, 1371,-3746,  937,16386,17706, 2538,-4032,  889, 1506,-1224, -232,  806, -249, -341,  287,   67, -258, -138,   -4,    5,
    4,    1, -115, -262,    9,  308, -257, -353,  741,    9,-1315, 1150, 1383,-3736,  896,16347,17738, 2583,-4037,  875, 1515,-1220, -238,  807, -246, -343,  286,   69, -258, -139,   -4,    5,
    4,    1, -115, -262,    8,  308, -255, -356,  739,   15,-1316, 1140, 1394,-3726,  855,16308,17770, 2629,-4042,  860, 1524,-1217, -244,  808, -243, -345,  285,   70, -258, -140,   -5,    5,
    4,    1, -114, -262,    6,  309, -253, -358,  737,   22,-1317, 1130, 1406,-3716,  815,16269,17801, 2675,-4047,  846, 1532,-1213, -251,  810, -240, -347,  284,   72, -258, -140,   -5,    5,
    4,    1, -113, -262,    5,  309, -250, -361,  734,   28,-1319, 1120, 1417,-3705,  774,16229,17833, 2721,-4052,  831, 1541,-1210, -257,  811, -237, -349,  283,   73, -257, -141,   -5,    5,
    4,    2, -113, -262,    3,  309, -248, -363,  732,   34,-1320, 1110, 1429,-3695,  734,16190,17864, 2767,-4057,  817, 1550,-1206, -264,  812, -234, -351,  283,   75, -257, -142,   -5,    5,
    4,    2, -112, -262,    2,  310, -246, -365,  730,   40,-1321, 1100, 1440,-3684,  694,16150,17896, 2813,-4062,  802, 1558,-1203, -270,  813, -231, -353,  282,   76, -257, -142,   -5,    5,
    4,    2, -112, -262,    0,  310, -243, -368,  728,   46,-1322, 1090, 1451,-3674,  654,16110,17927, 2859,-4066,  787, 1567,-1199, -277,  814, -227, -355,  281,   78, -257, -143,   -5,    5,
    4,    2, -111, -262,   -1,  310, -241, -370,  725,   52,-1323, 1080, 1462,-3663,  614,16070,17957, 2905,-4071,  772, 1575,-1195, -283,  815, -224, -357,  280,   79, -256, -143,   -6,    5,
    4,    2, -110, -262,   -3,  310, -239, -372,  723,   58,-1324, 1070, 1473,-3652,  574,16030,17988, 2952,-4075,  758, 1584,-1191, -290,  816, -221, -359,  279,   81, -256, -144,   -6,    5,
    4,    2, -110, -262,   -4,  311, -236, -375,  721,   64,-1325, 1060, 1484,-3641,  535,15989,18018, 2998,-4079,  743, 1592,-1187, -296,  817, -218, -361,  278,   82, -256, -145,   -6,    6,
    4,    2, -109, -262,   -5,  311, -234, -377,  718,   70,-1326, 1049, 1495,-3630,  495,15949,18049, 3045,-4083,  728, 1600,-1184, -303,  818, -215, -363,  277,   84, -256, -145,   -6,    6,
    4,    2, -109, -262,   -7,  311, -232, -379,  716,   76,-1327, 1039, 1506,-3619,  456,15908,18079, 3092,-4087,  713, 1609,-1180, -309,  819, -212, -365,  276,   85, -255, -146,   -6,    6,
    4,    2, -108, -262,   -8,  311, -229, -381,  713,   82,-1328, 1029, 1517,-3608,  417,15867,18108, 3139,-4091,  698, 1617,-1176, -316,  820, -208, -367,  275,   87, -255, -147,   -7,    6,
    4,    3, -107, -262,  -10,  312, -227, -384,  711,   88,-1329, 1019, 1527,-3597,  378,15826,18138, 3186,-4094,  682, 1625,-1172, -322,  821, -205, -369,  275,   88, -255, -147,   -7,    6,
    4,    3, -107, -262,  -11,  312, -225, -386,  708,   94,-1330, 1009, 1538,-3585,  339,15785,18167, 3233,-4098,  667, 1633,-1168, -329,  822, -202, -371,  274,   90, -254, -148,   -7,    6,
    4,    3, -106, -262,  -13,  312, -222, -388,  706,  100,-1330,  999, 1548,-3574,  301,15744,18196, 3280,-4101,  652, 1641,-1163, -335,  822, -199, -373,  273,   91, -254, -148,   -7,    6,
    4,    3, -106, -262,  -14,  312, -220, -390,  703,  106,-1331,  988, 1559,-3562,  262,15702,18225, 3327,-4104,  637, 1650,-1159, -342,  823, -195, -375,  272,   93, -254, -149,   -7,    6,
    4,    3, -105, -261,  -16,  312, -218, -392,  701,  112,-1332,  978, 1569,-3550,  224,15661,18254, 3374,-4107,  621, 1658,-1155, -348,  824, -192, -377,  271,   94, -254, -150,   -7,    6,
    4,    3, -105, -261,  -17,  313, -215, -394,  698,  118,-1332,  968, 1579,-3538,  185,15619,18283, 3422,-4110,  606, 1666,-1151, -354,  825, -189, -378,  270,   96, -253, -150,   -8,    6,
    4,    3, -104, -261,  -19,  313, -213, -396,  696,  124,-1333,  958, 1589,-3527,  147,15577,18311, 3469,-4113,  590, 1674,-1146, -361,  825, -186, -380,  269,   97, -253, -151,   -8,    6,
    3,    3, -103, -261,  -20,  313, -210, -399,  693,  130,-1333,  947, 1600,-3515,  109,15535,18339, 3517,-4115,  575, 1682,-1142, -367,  826, -182, -382,  268,   99, -253, -152,   -8,    6,
    3,    3, -103, -261,  -22,  313, -208, -401,  691,  136,-1334,  937, 1610,-3502,   72,15493,18367, 3565,-4118,  559, 1689,-1138, -374,  827, -179, -384,  267,  100, -252, -152,   -8,    6,
    3,    3, -102, -261,  -23,  313, -206, -403,  688,  142,-1334,  927, 1620,-3490,   34,15451,18395, 3613,-4120,  544, 1697,-1133, -380,  827, -176, -386,  266,  102, -252, -153,   -8,    6,
    3,    4, -102, -261,  -25,  313, -203, -405,  685,  148,-1334,  916, 1629,-3478,   -3,15408,18423, 3661,-4122,  528, 1705,-1129, -387,  828, -172, -388,  265,  103, -252, -153,   -9,    6,
    3,    4, -101, -261,  -26,  313, -201, -407,  683,  154,-1335,  906, 1639,-3465,  -41,15365,18450, 3709,-4124,  512, 1713,-1124, -393,  828, -169, -390,  264,  105, -251, -154,   -9,    6,
    3,    4, -101, -261,  -28,  313, -198, -409,  680,  159,-1335,  896, 1649,-3453,  -78,15323,18477, 3757,-4126,  496, 1720,-1119, -400,  829, -166, -392,  262,  106, -251, -155,   -9,    6,
    3,    4, -100, -261,  -29,  313, -196, -411,  677,  165,-1335,  885, 1658,-3440, -115,15280,18504, 3805,-4128,  480, 1728,-1115, -406,  829, -162, -393,  261,  108, -251, -155,   -9,    6,
    3,    4,  -99, -261,  -31,  313, -194, -413,  675,  171,-1335,  875, 1668,-3428, -152,15237,18531, 3853,-4129,  464, 1736,-1110, -413,  830, -159, -395,  260,  109, -250, -156,   -9,    6,
    3,    4,  -99, -260,  -32,  314, -191, -415,  672,  177,-1335,  865, 1677,-3415, -189,15194,18557, 3902,-4131,  449, 1743,-1105, -419,  830, -155, -397,  259,  111, -250, -157,  -10,    6,
    3,    4,  -98, -260,  -33,  314, -189, -417,  669,  183,-1335,  854, 1687,-3402, -225,15150,18583, 3950,-4132,  432, 1751,-1100, -426,  831, -152, -399,  258,  112, -250, -157,  -10,    6,
    3,    4,  -98, -260,  -35,  314, -186, -419,  666,  188,-1335,  844, 1696,-3389, -262,15107,18609, 3999,-4133,  416, 1758,-1095, -432,  831, -149, -401,  257,  114, -249, -158,  -10,    6,
    3,    4,  -97, -260,  -36,  314, -184, -420,  663,  194,-1335,  833, 1705,-3376, -298,15063,18635, 4047,-4134,  400, 1765,-1090, -438,  831, -145, -402,  256,  115, -249, -158,  -10,    6,
    3,    4,  -97, -260,  -38,  314, -182, -422,  661,  200,-1335,  823, 1714,-3363, -334,15019,18661, 4096,-4135,  384, 1773,-1086, -445,  832, -142, -404,  255,  117, -248, -159,  -11,    6,
    3,    4,  -96, -260,  -39,  314, -179, -424,  658,  206,-1335,  813, 1723,-3350, -370,14976,18686, 4145,-4136,  368, 1780,-1080, -451,  832, -138, -406,  254,  118, -248, -160,  -11,    6,
    3,    4,  -95, -260,  -41,  314, -177, -426,  655,  211,-1335,  802, 1732,-3336, -406,14932,18711, 4194,-4136,  351, 1787,-1075, -458,  832, -135, -408,  252,  120, -248, -160,  -11,    6,
    3,    5,  -95, -259,  -42,  314, -174, -428,  652,  217,-1334,  792, 1741,-3323, -441,14887,18736, 4243,-4137,  335, 1794,-1070, -464,  833, -131, -409,  251,  121, -247, -161,  -11,    6,
    3,    5,  -94, -259,  -43,  314, -172, -430,  649,  222,-1334,  781, 1750,-3310, -477,14843,18761, 4292,-4137,  319, 1802,-1065, -471,  833, -128, -411,  250,  123, -247, -162,  -11,    6,
    3,    5,  -94, -259,  -45,  313, -170, -431,  646,  228,-1334,  771, 1759,-3296, -512,14799,18786, 4341,-4137,  302, 1809,-1060, -477,  833, -124, -413,  249,  124, -246, -162,  -12,    6,
    3,    5,  -93, -259,  -46,  313, -167, -433,  643,  234,-1333,  760, 1767,-3282, -547,14754,18810, 4390,-4137,  286, 1816,-1055, -483,  833, -121, -414,  248,  126, -246, -163,  -12,    6,
    3,    5,  -93, -259,  -48,  313, -165, -435,  640,  239,-1333,  750, 1776,-3269, -583,14710,18834, 4440,-4137,  269, 1823,-1049, -490,  833, -117, -416,  246,  127, -246, -163,  -12,    6,
    3,    5,  -92, -259,  -49,  313, -162, -437,  637,  245,-1332,  739, 1784,-3255, -617,14665,18858, 4489,-4136,  253, 1830,-1044, -496,  833, -114, -418,  245,  129, -245, -164,  -12,    6,
    3,    5,  -91, -258,  -51,  313, -160, -438,  634,  250,-1332,  729, 1793,-3241, -652,14620,18882, 4538,-4136,  236, 1837,-1039, -502,  833, -110, -419,  244,  130, -245, -165,  -13,    6,
    3,    5,  -91, -258,  -52,  313, -158, -440,  631,  256,-1331,  718, 1801,-3227, -687,14575,18905, 4588,-4135,  219, 1843,-1033, -509,  833, -106, -421,  243,  131, -244, -165,  -13,    6,
    3,    5,  -90, -258,  -53,  313, -155, -442,  628,  262,-1331,  708, 1809,-3213, -721,14530,18929, 4638,-4134,  203, 1850,-1028, -515,  833, -103, -423,  241,  133, -244, -166,  -13,    7,
    3,    5,  -90, -258,  -55,  313, -153, -443,  625,  267,-1330,  697, 1817,-3199, -755,14484,18952, 4687,-4133,  186, 1857,-1022, -522,  833,  -99, -424,  240,  134, -243, -167,  -13,    7,
    3,    5,  -89, -258,  -56,  313, -150, -445,  622,  272,-1329,  687, 1825,-3184, -789,14439,18974, 4737,-4132,  169, 1863,-1016, -528,  833,  -96, -426,  239,  136, -243, -167,  -13,    7,
    3,    5,  -89, -257,  -58,  313, -148, -447,  619,  278,-1328,  676, 1833,-3170, -823,14393,18997, 4787,-4131,  152, 1870,-1011, -534,  833,  -92, -427,  238,  137, -242, -168,  -14,    7,
    3,    5,  -88, -257,  -59,  312, -145, -448,  616,  283,-1328,  666, 1841,-3156, -857,14348,19019, 4837,-4129,  135, 1877,-1005, -541,  833,  -88, -429,  236,  139, -242, -168,  -14,    7,
    3,    5,  -88, -257,  -60,  312, -143, -450,  613,  289,-1327,  655, 1849,-3141, -891,14302,19041, 4887,-4128,  118, 1883, -999, -547,  833,  -85, -431,  235,  140, -242, -169,  -14,    7,
    3,    6,  -87, -257,  -62,  312, -141, -451,  610,  294,-1326,  645, 1857,-3127, -924,14256,19063, 4937,-4126,  101, 1890, -994, -553,  833,  -81, -432,  234,  142, -241, -170,  -14,    7,
    3,    6,  -87, -257,  -63,  312, -138, -453,  607,  300,-1325,  634, 1864,-3112, -957,14210,19085, 4987,-4124,   84, 1896, -988, -560,  833,  -78, -434,  232,  143, -241, -170,  -15,    7,
    3,    6,  -86, -256,  -65,  312, -136, -455,  604,  305,-1324,  623, 1872,-3098, -990,14164,19107, 5037,-4122,   67, 1902, -982, -566,  832,  -74, -435,  231,  145, -240, -171,  -15,    7,
    3,    6,  -85, -256,  -66,  311, -133, -456,  601,  310,-1323,  613, 1879,-3083,-1023,14118,19128, 5087,-4120,   50, 1909, -976, -572,  832,  -70, -437,  230,  146, -240, -172,  -15,    7,
    3,    6,  -85, -256,  -67,  311, -131, -458,  597,  316,-1322,  602, 1887,-3068,-1056,14071,19149, 5138,-4117,   33, 1915, -970, -579,  832,  -67, -438,  228,  147, -239, -172,  -15,    7,
    3,    6,  -84, -256,  -69,  311, -128, -459,  594,  321,-1320,  592, 1894,-3053,-1089,14025,19170, 5188,-4115,   16, 1921, -964, -585,  831,  -63, -440,  227,  149, -239, -173,  -16,    7,
    3,    6,  -84, -255,  -70,  311, -126, -460,  591,  326,-1319,  581, 1901,-3038,-1121,13978,19190, 5239,-4112,   -2, 1927, -958, -591,  831,  -59, -441,  226,  150, -238, -173,  -16,    7,
    3,    6,  -83, -255,  -72,  311, -124, -462,  588,  331,-1318,  571, 1908,-3023,-1153,13932,19211, 5289,-4109,  -19, 1933, -952, -597,  831,  -56, -443,  224,  152, -238, -174,  -16,    7,
    3,    6,  -83, -255,  -73,  310, -121, -463,  585,  337,-1317,  560, 1915,-3008,-1185,13885,19231, 5340,-4106,  -36, 1939, -946, -604,  830,  -52, -444,  223,  153, -237, -175,  -16,    7,
    2,    6,  -82, -255,  -74,  310, -119, -465,  581,  342,-1315,  550, 1922,-2993,-1217,13838,19251, 5390,-4103,  -54, 1945, -939, -610,  830,  -48, -446,  221,  155, -236, -175,  -17,    7,
    2,    6,  -82, -254,  -76,  310, -116, -466,  578,  347,-1314,  539, 1929,-2977,-1249,13791,19270, 5441,-4100,  -71, 1951, -933, -616,  829,  -44, -447,  220,  156, -236, -176,  -17,    7,
    2,    6,  -81, -254,  -77,  309, -114, -467,  575,  352,-1313,  528, 1936,-2962,-1281,13744,19290, 5492,-4096,  -88, 1957, -927, -622,  829,  -41, -449,  218,  157, -235, -177,  -17,    7,
    2,    6,  -81, -254,  -78,  309, -111, -469,  571,  357,-1311,  518, 1942,-2947,-1312,13697,19309, 5543,-4092, -106, 1962, -921, -628,  828,  -37, -450,  217,  159, -235, -177,  -17,    7,
    2,    6,  -80, -254,  -80,  309, -109, -470,  568,  362,-1310,  507, 1949,-2931,-1343,13649,19328, 5594,-4088, -123, 1968, -914, -635,  828,  -33, -451,  216,  160, -234, -178,  -18,    7,
    2,    6,  -80, -253,  -81,  309, -107, -471,  565,  368,-1308,  497, 1956,-2916,-1375,13602,19347, 5645,-4084, -141, 1974, -908, -641,  827,  -29, -453,  214,  162, -234, -178,  -18,    7,
    2,    6,  -79, -253,  -82,  308, -104, -473,  562,  373,-1306,  486, 1962,-2900,-1406,13554,19365, 5696,-4080, -159, 1979, -901, -647,  826,  -26, -454,  213,  163, -233, -179,  -18,    7,
    2,    6,  -79, -253,  -84,  308, -102, -474,  558,  378,-1305,  476, 1968,-2884,-1436,13507,19383, 5747,-4076, -176, 1985, -895, -653,  826,  -22, -456,  211,  164, -233, -180,  -19,    7,
    2,    7,  -78, -253,  -85,  308,  -99, -475,  555,  383,-1303,  465, 1975,-2869,-1467,13459,19401, 5798,-4071, -194, 1990, -888, -659,  825,  -18, -457,  210,  166, -232, -180,  -19,    7,
    2,    7,  -78, -252,  -86,  307,  -97, -476,  551,  388,-1301,  455, 1981,-2853,-1497,13411,19419, 5849,-4067, -212, 1996, -882, -665,  824,  -14, -458,  208,  167, -231, -181,  -19,    7,
    2,    7,  -77, -252,  -88,  307,  -94, -478,  548,  393,-1300,  444, 1987,-2837,-1528,13363,19437, 5900,-4062, -229, 2001, -875, -672,  824,  -11, -460,  207,  169, -231, -181,  -19,    7,
    2,    7,  -77, -252,  -89,  306,  -92, -479,  545,  398,-1298,  433, 1993,-2821,-1558,13315,19454, 5952,-4057, -247, 2006, -868, -678,  823,   -7, -461,  205,  170, -230, -182,  -20,    7,
    2,    7,  -76, -251,  -90,  306,  -90, -480,  541,  403,-1296,  423, 1999,-2805,-1588,13267,19471, 6003,-4052, -265, 2011, -862, -684,  822,   -3, -462,  204,  171, -230, -183,  -20,    7,
    2,    7,  -75, -251,  -92,  306,  -87, -481,  538,  408,-1294,  412, 2005,-2789,-1617,13219,19488, 6054,-4047, -283, 2016, -855, -690,  821,    1, -463,  202,  173, -229, -183,  -20,    7,
    2,    7,  -75, -251,  -93,  305,  -85, -482,  534,  412,-1292,  402, 2010,-2773,-1647,13170,19505, 6106,-4041, -300, 2022, -848, -696,  820,    5, -465,  200,  174, -228, -184,  -20,    7,
    2,    7,  -74, -251,  -94,  305,  -82, -483,  531,  417,-1290,  391, 2016,-2757,-1676,13122,19521, 6157,-4035, -318, 2027, -841, -702,  819,    9, -466,  199,  175, -228, -185,  -21,    7,
    2,    7,  -74, -250,  -96,  304,  -80, -484,  527,  422,-1288,  381, 2022,-2741,-1706,13073,19538, 6209,-4030, -336, 2031, -834, -708,  818,   12, -467,  197,  177, -227, -185,  -21,    7,
    2,    7,  -73, -250,  -97,  304,  -78, -485,  524,  427,-1286,  370, 2027,-2724,-1735,13025,19554, 6260,-4024, -354, 2036, -827, -714,  817,   16, -468,  196,  178, -227, -186,  -21,    7,
    2,    7,  -73, -250,  -98,  304,  -75, -487,  520,  432,-1284,  360, 2033,-2708,-1764,12976,19569, 6312,-4018, -372, 2041, -820, -720,  816,   20, -470,  194,  179, -226, -186,  -22,    7,
    2,    7,  -72, -249, -100,  303,  -73, -488,  517,  437,-1282,  349, 2038,-2692,-1792,12927,19585, 6364,-4011, -390, 2046, -813, -726,  815,   24, -471,  193,  181, -225, -187,  -22,    7,
    2,    7,  -72, -249, -101,  303,  -70, -489,  513,  441,-1279,  339, 2043,-2675,-1821,12878,19600, 6415,-4005, -408, 2051, -806, -732,  814,   28, -472,  191,  182, -225, -188,  -22,    7,
    2,    7,  -71, -249, -102,  302,  -68, -490,  510,  446,-1277,  328, 2048,-2659,-1849,12829,19615, 6467,-3998, -426, 2055, -799, -738,  813,   32, -473,  189,  184, -224, -188,  -22,    7,
    2,    7,  -71, -248, -103,  302,  -66, -491,  506,  451,-1275,  318, 2053,-2642,-1878,12780,19630, 6519,-3991, -444, 2060, -792, -744,  812,   36, -474,  188,  185, -223, -189,  -23,    7,
    2,    7,  -70, -248, -105,  301,  -63, -491,  503,  455,-1272,  307, 2058,-2625,-1906,12731,19644, 6571,-3984, -463, 2064, -785, -750,  811,   39, -475,  186,  186, -223, -189,  -23,    7,
    2,    7,  -70, -248, -106,  301,  -61, -492,  499,  460,-1270,  297, 2063,-2609,-1933,12682,19659, 6623,-3977, -481, 2069, -777, -756,  810,   43, -476,  184,  188, -222, -190,  -23,    7,
    2,    7,  -69, -247, -107,  300,  -58, -493,  496,  465,-1268,  287, 2068,-2592,-1961,12633,19673, 6675,-3970, -499, 2073, -770, -762,  808,   47, -478,  183,  189, -221, -191,  -24,    7,
    2,    7,  -69, -247, -109,  300,  -56, -494,  492,  469,-1265,  276, 2073,-2575,-1989,12583,19687, 6726,-3962, -517, 2077, -763, -767,  807,   51, -479,  181,  190, -221, -191,  -24,    8,
    2,    7,  -68, -247, -110,  299,  -54, -495,  488,  474,-1263,  266, 2077,-2558,-2016,12534,19700, 6778,-3955, -535, 2081, -755, -773,  806,   55, -480,  179,  191, -220, -192,  -24,    8,
    2,    7,  -68, -246, -111,  299,  -51, -496,  485,  478,-1260,  255, 2082,-2542,-2043,12484,19714, 6830,-3947, -553, 2086, -748, -779,  805,   59, -481,  178,  193, -219, -192,  -25,    8,
    2,    7,  -67, -246, -112,  298,  -49, -497,  481,  483,-1258,  245, 2086,-2525,-2070,12435,19727, 6883,-3939, -572, 2090, -740, -785,  803,   63, -482,  176,  194, -218, -193,  -25,    8,
    2,    7,  -67, -245, -114,  297,  -46, -498,  478,  488,-1255,  235, 2091,-2508,-2097,12385,19740, 6935,-3931, -590, 2094, -733, -791,  802,   67, -483,  174,  195, -218, -194,  -25,    8,
    2,    7,  -67, -245, -115,  297,  -44, -498,  474,  492,-1252,  224, 2095,-2491,-2124,12335,19752, 6987,-3922, -608, 2098, -725, -797,  800,   71, -484,  173,  197, -217, -194,  -25,    8,
    2,    7,  -66, -245, -116,  296,  -42, -499,  470,  496,-1250,  214, 2099,-2474,-2150,12285,19765, 7039,-3914, -627, 2101, -718, -802,  799,   75, -485,  171,  198, -216, -195,  -26,    8,
    2,    7,  -66, -244, -117,  296,  -39, -500,  467,  501,-1247,  203, 2103,-2456,-2177,12235,19777, 7091,-3905, -645, 2105, -710, -808,  797,   78, -486,  169,  199, -216, -195,  -26,    8,
    2,    8,  -65, -244, -119,  295,  -37, -501,  463,  505,-1244,  193, 2107,-2439,-2203,12185,19789, 7143,-3896, -663, 2109, -702, -814,  796,   82, -487,  167,  201, -215, -196,  -26,    8,
    2,    8,  -65, -244, -120,  294,  -35, -501,  459,  510,-1241,  183, 2111,-2422,-2229,12135,19801, 7196,-3887, -682, 2113, -695, -820,  794,   86, -488,  166,  202, -214, -196,  -27,    8,
    2,    8,  -64, -243, -121,  294,  -32, -502,  455,  514,-1238,  172, 2115,-2405,-2255,12085,19812, 7248,-3878, -700, 2116, -687, -825,  793,   90, -489,  164,  203, -213, -197,  -27,    8,
    2,    8,  -64, -243, -122,  293,  -30, -503,  452,  518,-1235,  162, 2119,-2388,-2280,12035,19823, 7300,-3869, -719, 2120, -679, -831,  791,   94, -490,  162,  204, -213, -198,  -27,    8,
    2,    8,  -63, -243, -123,  293,  -27, -504,  448,  523,-1232,  152, 2123,-2370,-2306,11984,19834, 7352,-3859, -737, 2123, -671, -837,  790,   98, -491,  160,  206, -212, -198,  -28,    8,
    2,    8,  -63, -242, -125,  292,  -25, -504,  444,  527,-1229,  142, 2126,-2353,-2331,11934,19845, 7405,-3850, -755, 2127, -664, -842,  788,  102, -492,  158,  207, -211, -199,  -28,    8,
    2,    8,  -62, -242, -126,  291,  -23, -505,  441,  531,-1226,  131, 2130,-2335,-2356,11883,19856, 7457,-3840, -774, 2130, -656, -848,  786,  106, -492,  157,  208, -210, -199,  -28,    8,
    2,    8,  -62, -241, -127,  291,  -20, -505,  437,  535,-1223,  121, 2133,-2318,-2381,11833,19866, 7510,-3830, -792, 2133, -648, -853,  785,  110, -493,  155,  209, -210, -200,  -29,    8,
    2,    8,  -61, -241, -128,  290,  -18, -506,  433,  540,-1220,  111, 2137,-2300,-2406,11782,19876, 7562,-3820, -811, 2136, -640, -859,  783,  114, -494,  153,  211, -209, -201,  -29,    8,
    2,    8,  -61, -241, -129,  289,  -16, -507,  429,  544,-1217,  101, 2140,-2283,-2430,11732,19886, 7614,-3809, -829, 2139, -632, -865,  781,  118, -495,  151,  212, -208, -201,  -29,    8,
    2,    8,  -60, -240, -131,  289,  -13, -507,  426,  548,-1214,   90, 2143,-2265,-2455,11681,19895, 7667,-3799, -848, 2142, -624, -870,  779,  122, -496,  149,  213, -207, -202,  -30,    8,
    2,    8,  -60, -240, -132,  288,  -11, -508,  422,  552,-1211,   80, 2146,-2248,-2479,11630,19904, 7719,-3788, -867, 2145, -616, -876,  777,  126, -497,  148,  214, -207, -202,  -30,    8,
    2,    8,  -59, -239, -133,  287,   -9, -508,  418,  556,-1207,   70, 2149,-2230,-2503,11579,19913, 7772,-3777, -885, 2148, -607, -881,  775,  130, -497,  146,  216, -206, -203,  -30,    8,
    1,    8,  -59, -239, -134,  287,   -6, -509,  414,  560,-1204,   60, 2152,-2212,-2527,11528,19922, 7824,-3766, -904, 2151, -599, -887,  774,  134, -498,  144,  217, -205, -203,  -31,    8,
    1,    8,  -58, -239, -135,  286,   -4, -509,  410,  564,-1201,   50, 2155,-2195,-2550,11477,19931, 7877,-3755, -922, 2154, -591, -892,  772,  138, -499,  142,  218, -204, -204,  -31,    8,
    1,    8,  -58, -238, -137,  285,   -2, -510,  407,  568,-1197,   40, 2158,-2177,-2574,11426,19939, 7929,-3743, -941, 2157, -583, -897,  770,  142, -500,  140,  219, -203, -205,  -31,    8,
    1,    8,  -58, -238, -138,  284,    0, -510,  403,  572,-1194,   29, 2160,-2159,-2597,11375,19947, 7982,-3732, -959, 2159, -575, -903,  768,  146, -500,  138,  220, -202, -205,  -32,    8,
    1,    8,  -57, -237, -139,  284,    3, -511,  399,  576,-1191,   19, 2163,-2141,-2620,11324,19955, 8035,-3720, -978, 2162, -566, -908,  766,  150, -501,  136,  222, -202, -206,  -32,    8,
    1,    8,  -57, -237, -140,  283,    5, -511,  395,  580,-1187,    9, 2165,-2123,-2643,11273,19963, 8087,-3708, -997, 2164, -558, -914,  764,  154, -502,  134,  223, -201, -206,  -32,    8,
    1,    8,  -56, -236, -141,  282,    7, -511,  391,  584,-1184,   -1, 2168,-2105,-2666,11222,19970, 8140,-3696,-1015, 2166, -550, -919,  761,  158, -502,  132,  224, -200, -207,  -33,    8,
    1,    8,  -56, -236, -142,  281,   10, -512,  388,  588,-1180,  -11, 2170,-2087,-2689,11170,19977, 8192,-3683,-1034, 2169, -541, -924,  759,  162, -503,  131,  225, -199, -207,  -33,    8,
    1,    8,  -55, -236, -143,  281,   12, -512,  384,  592,-1177,  -21, 2172,-2069,-2711,11119,19984, 8245,-3671,-1053, 2171, -533, -929,  757,  166, -504,  129,  226, -198, -208,  -33,    8,
    1,    8,  -55, -235, -145,  280,   14, -512,  380,  595,-1173,  -31, 2175,-2051,-2733,11068,19991, 8297,-3658,-1071, 2173, -524, -935,  755,  170, -504,  127,  228, -197, -208,  -34,    8,
    1,    8,  -54, -235, -146,  279,   16, -513,  376,  599,-1169,  -41, 2177,-2033,-2755,11016,19997, 8350,-3645,-1090, 2175, -516, -940,  753,  174, -505,  125,  229, -197, -209,  -34,    8,
    1,    8,  -54, -234, -147,  278,   19, -513,  372,  603,-1166,  -51, 2179,-2015,-2777,10965,20003, 8403,-3632,-1108, 2177, -507, -945,  750,  178, -505,  123,  230, -196, -210,  -34,    8,
    1,    8,  -54, -234, -148,  277,   21, -513,  368,  607,-1162,  -61, 2181,-1997,-2799,10913,20009, 8455,-3619,-1127, 2179, -498, -950,  748,  182, -506,  121,  231, -195, -210,  -35,    8,
    1,    8,  -53, -233, -149,  277,   23, -514,  364,  610,-1158,  -70, 2183,-1979,-2821,10862,20015, 8508,-3606,-1146, 2181, -490, -955,  746,  186, -507,  119,  232, -194, -211,  -35,    8,
    1,    8,  -53, -233, -150,  276,   26, -514,  360,  614,-1154,  -80, 2184,-1961,-2842,10810,20020, 8561,-3592,-1164, 2183, -481, -961,  744,  190, -507,  117,  233, -193, -211,  -36,    8,
    1,    8,  -52, -232, -151,  275,   28, -514,  357,  618,-1150,  -90, 2186,-1943,-2863,10758,20025, 8613,-3579,-1183, 2184, -472, -966,  741,  194, -508,  115,  234, -192, -212,  -36,    8,
    1,    8,  -52, -232, -152,  274,   30, -514,  353,  621,-1147, -100, 2188,-1925,-2884,10707,20030, 8666,-3565,-1202, 2186, -464, -971,  739,  198, -508,  113,  236, -191, -212,  -36,    8,
    1,    8,  -51, -231, -153,  273,   32, -514,  349,  625,-1143, -110, 2189,-1906,-2905,10655,20035, 8718,-3551,-1221, 2188, -455, -976,  736,  202, -509,  111,  237, -190, -213,  -37,    8,
    1,    8,  -51, -231, -155,  272,   35, -515,  345,  628,-1139, -120, 2190,-1888,-2926,10603,20039, 8771,-3536,-1239, 2189, -446, -981,  734,  206, -509,  109,  238, -190, -213,  -37,    8,
    1,    8,  -51, -231, -156,  272,   37, -515,  341,  632,-1135, -129, 2192,-1870,-2946,10551,20043, 8824,-3522,-1258, 2190, -437, -986,  731,  210, -510,  107,  239, -189, -214,  -37,    8,
    1,    8,  -50, -230, -157,  271,   39, -515,  337,  635,-1131, -139, 2193,-1851,-2966,10499,20047, 8876,-3507,-1277, 2192, -429, -991,  729,  214, -510,  105,  240, -188, -214,  -38,    8,
    1,    8,  -50, -230, -158,  270,   41, -515,  333,  639,-1127, -149, 2194,-1833,-2987,10447,20051, 8929,-3493,-1295, 2193, -420, -996,  726,  218, -510,  103,  241, -187, -215,  -38,    8,
    1,    8,  -49, -229, -159,  269,   43, -515,  329,  642,-1123, -159, 2195,-1815,-3007,10395,20054, 8981,-3478,-1314, 2194, -411,-1001,  724,  222, -511,  101,  242, -186, -216,  -39,    8,
    1,    8,  -49, -229, -160,  268,   46, -515,  325,  646,-1118, -168, 2196,-1796,-3026,10343,20058, 9034,-3462,-1333, 2195, -402,-1006,  721,  226, -511,   99,  243, -185, -216,  -39,    8,
    1,    8,  -48, -228, -161,  267,   48, -515,  321,  649,-1114, -178, 2197,-1778,-3046,10291,20061, 9087,-3447,-1351, 2196, -393,-1010,  718,  230, -512,   97,  244, -184, -217,  -39,    8,
    1,    8,  -48, -228, -162,  266,   50, -515,  317,  652,-1110, -188, 2198,-1760,-3065,10239,20063, 9139,-3432,-1370, 2197, -384,-1015,  716,  234, -512,   95,  245, -183, -217,  -40,    8,
    1,    8,  -48, -227, -163,  265,   52, -515,  313,  656,-1106, -197, 2199,-1741,-3085,10187,20066, 9192,-3416,-1389, 2198, -375,-1020,  713,  238, -512,   93,  246, -182, -218,  -40,    8,
    1,    8,  -47, -227, -164,  264,   54, -515,  309,  659,-1102, -207, 2200,-1723,-3104,10135,20068, 9244,-3400,-1407, 2199, -366,-1025,  710,  242, -513,   91,  247, -181, -218,  -40,    8,
    1,    8,  -47, -226, -165,  263,   57, -515,  305,  662,-1097, -216, 2200,-1704,-3122,10083,20070, 9297,-3384,-1426, 2199, -356,-1030,  707,  246, -513,   89,  249, -180, -219,  -41,    8,
    1,    8,  -46, -226, -166,  262,   59, -515,  302,  665,-1093, -226, 2201,-1686,-3141,10030,20072, 9349,-3368,-1444, 2200, -347,-1034,  705,  250, -513,   86,  250, -179, -219,  -41,    8,
    1,    8,  -46, -225, -167,  261,   61, -515,  298,  669,-1089, -235, 2201,-1667,-3160, 9978,20073, 9402,-3352,-1463, 2201, -338,-1039,  702,  254, -513,   84,  251, -178, -220,  -42,    8,
    1,    8,  -46, -225, -168,  261,   63, -515,  294,  672,-1084, -245, 2201,-1649,-3178, 9926,20074, 9454,-3335,-1482, 2201, -329,-1044,  699,  258, -514,   82,  252, -177, -220,  -42,    8,
    1,    8,  -45, -224, -169,  260,   65, -515,  290,  675,-1080, -254, 2202,-1630,-3196, 9874,20075, 9507,-3318,-1500, 2201, -320,-1048,  696,  262, -514,   80,  253, -176, -221,  -42,    8,
    1,    8,  -45, -224, -170,  259,   67, -515,  286,  678,-1076, -264, 2202,-1612,-3214, 9821,20076, 9559,-3301,-1519, 2202, -311,-1053,  693,  266, -514,   78,  254, -175, -221,  -43,    8,
    1,    8,  -44, -223, -171,  258,   70, -515,  282,  681,-1071, -273, 2202,-1593,-3232, 9769,20077, 9612,-3284,-1538, 2202, -301,-1058,  690,  270, -514,   76,  255, -174, -222,  -43,    8,
   30,    8,  -44, -223, -172,  257,   72, -515,  278,  684,-1067, -283, 2202,-1575,-3250, 9717,20077, 9664,-3267,-1556, 2202, -292,-1062,  687,  274, -515,   74,  256, -173, -222,  -44,    8,
